[settings]
sample_params = ngal siglogM M1_over_Mmin M0_over_M1 alpha

[params_min]
ngal = 0.00025
siglogM = 0.3
M1_over_Mmin = 7.0
M0_over_M1 = 0.05
alpha = 0.5
f_cen = 1.0

omega_m = 0.253
sigma_8 = 0.65

H0 = 67.26
ns = 0.9652
omega_b = 0.0491
w0 = -1.0

redshift = 0.300

[params_max]
ngal = 0.00035
siglogM = 1.0
M1_over_Mmin = 15.0
M0_over_M1 = 0.2
alpha = 1.5
f_cen = 1.0

omega_m = 0.367
sigma_8 = 1.00

H0 = 67.26
ns = 0.9652
omega_b = 0.0491
w0 = -1.0

redshift = 0.300
