[params]
ngal = 0.000305466833562
siglogm = 0.586731698419
m0_over_m1 = 0.351232290793
m1_over_mmin = 11.7554141682
alpha = 0.505360243518
q_env = 0.0
del_gamma = 0.0
f_cen = 1.0
a_conc = 0.889289391108
delta_b = 0.0
delta_c = 0.0
r_rescale = 1.87013939548
omega_m = 0.314
sigma_8 = 0.820
h0 = 67.26
ns = 0.9652
omega_b = 0.0491
w0 = -1.0
redshift = 0.300
dir = 29
is_stochastic = True
seed = 42

