[params]
ngal = 0.000282318379842
siglogm = 0.192196261419
m0_over_m1 = 0.242305953997
m1_over_mmin = 15.0566290606
alpha = 1.44066169526
q_env = 0.0
del_gamma = 0.0
f_cen = 1.0
a_conc = 1.49377551766
delta_b = 0.0
delta_c = 0.0
r_rescale = 1.29454803167
omega_m = 0.314
sigma_8 = 0.820
h0 = 67.26
ns = 0.9652
omega_b = 0.0491
w0 = -1.0
redshift = 0.300
dir = 18
is_stochastic = True
seed = 42

