[params]
ngal = 0.000297944470016
siglogm = 0.761641236934
m0_over_m1 = 0.31928603553
m1_over_mmin = 11.8326989528
alpha = 1.06122729355
q_env = 0.0
del_gamma = 0.0
f_cen = 1.0
a_conc = 1.22515064196
delta_b = 0.0
delta_c = 0.0
r_rescale = 1.50906155608
omega_m = 0.314
sigma_8 = 0.820
h0 = 67.26
ns = 0.9652
omega_b = 0.0491
w0 = -1.0
redshift = 0.300
dir = 27
is_stochastic = True
seed = 42

