[params]
ngal = 0.000270389141369
siglogm = 0.715429274477
m0_over_m1 = 0.118478545355
m1_over_mmin = 16.0409437504
alpha = 0.624063065896
q_env = 0.0
del_gamma = 0.0
f_cen = 1.0
a_conc = 2.61159280331
delta_b = 0.0
delta_c = 0.0
r_rescale = 1.01499510702
omega_m = 0.314
sigma_8 = 0.820
h0 = 67.26
ns = 0.9652
omega_b = 0.0491
w0 = -1.0
redshift = 0.300
dir = 26
is_stochastic = True
seed = 42

