[params]
ngal = 0.000285253256138
siglogm = 0.198853516961
m0_over_m1 = 0.363523370127
m1_over_mmin = 10.6075909556
alpha = 0.94172060979
q_env = 0.0
del_gamma = 0.0
f_cen = 1.0
a_conc = 2.0722037239
delta_b = 0.0
delta_c = 0.0
r_rescale = 0.668977147344
omega_m = 0.314
sigma_8 = 0.820
h0 = 67.26
ns = 0.9652
omega_b = 0.0491
w0 = -1.0
redshift = 0.300
dir = 02
is_stochastic = True
seed = 42

