[params]
ngal = 0.000338503627769
siglogm = 0.663824259161
m0_over_m1 = 0.0040652474965
m1_over_mmin = 7.75228748811
alpha = 1.41909140531
q_env = 0.0
del_gamma = 0.0
f_cen = 1.0
a_conc = 2.88776539937
delta_b = 0.0
delta_c = 0.0
r_rescale = 1.17866514659
omega_m = 0.314
sigma_8 = 0.820
h0 = 67.26
ns = 0.9652
omega_b = 0.0491
w0 = -1.0
redshift = 0.300
dir = 22
is_stochastic = True
seed = 42

