[params]
ngal = 0.000282918626566
siglogm = 0.634329654988
m0_over_m1 = 0.102908518032
m1_over_mmin = 19.3371766078
alpha = 1.20974596177
q_env = 0.0
del_gamma = 0.0
f_cen = 1.0
a_conc = 2.84830297798
delta_b = 0.0
delta_c = 0.0
r_rescale = 1.47565745653
omega_m = 0.314
sigma_8 = 0.820
h0 = 67.26
ns = 0.9652
omega_b = 0.0491
w0 = -1.0
redshift = 0.300
dir = 12
is_stochastic = True
seed = 42

