[params]
ngal = 0.000282049559977
siglogm = 0.712995768817
m0_over_m1 = 0.177369536464
m1_over_mmin = 19.9168762539
alpha = 0.7511830916
q_env = 0.0
del_gamma = 0.0
f_cen = 1.0
a_conc = 2.89184576626
delta_b = 0.0
delta_c = 0.0
r_rescale = 0.690434348581
omega_m = 0.314
sigma_8 = 0.820
h0 = 67.26
ns = 0.9652
omega_b = 0.0491
w0 = -1.0
redshift = 0.300
dir = 16
is_stochastic = True
seed = 42

