[params]
ngal = 0.000323560302141
siglogm = 0.0842419010458
m0_over_m1 = 0.300383492101
m1_over_mmin = 8.55664064541
alpha = 1.44935926316
q_env = 0.0
del_gamma = 0.0
f_cen = 1.0
a_conc = 2.13205597499
delta_b = 0.0
delta_c = 0.0
r_rescale = 1.99218923915
omega_m = 0.314
sigma_8 = 0.820
h0 = 67.26
ns = 0.9652
omega_b = 0.0491
w0 = -1.0
redshift = 0.300
dir = 02
is_stochastic = True
seed = 42

