[params]
ngal = 0.000281251591921
siglogm = 0.456230932911
m0_over_m1 = 0.222974472817
m1_over_mmin = 11.1133252769
alpha = 1.33364854718
q_env = 0.0
del_gamma = 0.0
f_cen = 1.0
a_conc = 0.834051763705
delta_b = 0.0
delta_c = 0.0
r_rescale = 1.3850036419
omega_m = 0.314
sigma_8 = 0.820
h0 = 67.26
ns = 0.9652
omega_b = 0.0491
w0 = -1.0
redshift = 0.300
dir = 09
is_stochastic = True
seed = 42

