[params]
ngal = 0.000306039217601
siglogm = 0.731775280579
m0_over_m1 = 0.0171719564217
m1_over_mmin = 10.6555615193
alpha = 0.6855669234
q_env = 0.0
del_gamma = 0.0
f_cen = 1.0
a_conc = 1.92759753805
delta_b = 0.0
delta_c = 0.0
r_rescale = 1.60414121382
omega_m = 0.314
sigma_8 = 0.820
h0 = 67.26
ns = 0.9652
omega_b = 0.0491
w0 = -1.0
redshift = 0.300
dir = 12
is_stochastic = True
seed = 42

