[params]
ngal = 0.000304674670797
siglogm = 0.0895181222242
m0_over_m1 = 0.220722927047
m1_over_mmin = 16.0093499418
alpha = 0.909189740994
q_env = 0.0
del_gamma = 0.0
f_cen = 1.0
a_conc = 1.87103178781
delta_b = 0.0
delta_c = 0.0
r_rescale = 0.638612665701
omega_m = 0.314
sigma_8 = 0.820
h0 = 67.26
ns = 0.9652
omega_b = 0.0491
w0 = -1.0
redshift = 0.300
dir = 36
is_stochastic = True
seed = 42

