[params]
ngal = 0.000336971774522
siglogm = 0.543978715704
m0_over_m1 = 0.164583733893
m1_over_mmin = 9.76716593104
alpha = 0.981588037368
q_env = 0.0
del_gamma = 0.0
f_cen = 1.0
a_conc = 1.3776342397
delta_b = 0.0
delta_c = 0.0
r_rescale = 1.40736960462
omega_m = 0.314
sigma_8 = 0.820
h0 = 67.26
ns = 0.9652
omega_b = 0.0491
w0 = -1.0
redshift = 0.300
dir = 01
is_stochastic = True
seed = 42

