[params]
ngal = 0.000252147141278
siglogm = 0.442312793237
m0_over_m1 = 0.199136328136
m1_over_mmin = 13.4957525675
alpha = 0.910015938936
q_env = 0.0
del_gamma = 0.0
f_cen = 1.0
a_conc = 1.3167122287
delta_b = 0.0
delta_c = 0.0
r_rescale = 0.553998044741
omega_m = 0.314
sigma_8 = 0.820
h0 = 67.26
ns = 0.9652
omega_b = 0.0491
w0 = -1.0
redshift = 0.300
dir = 15
is_stochastic = True
seed = 42

