[params]
ngal = 0.00028083605886
siglogm = 0.523606995428
m0_over_m1 = 0.0256611010222
m1_over_mmin = 9.05671848035
alpha = 1.35781482606
q_env = 0.0
del_gamma = 0.0
f_cen = 1.0
a_conc = 2.03842606698
delta_b = 0.0
delta_c = 0.0
r_rescale = 0.810831904079
omega_m = 0.314
sigma_8 = 0.820
h0 = 67.26
ns = 0.9652
omega_b = 0.0491
w0 = -1.0
redshift = 0.300
dir = 20
is_stochastic = True
seed = 42

