[params]
ngal = 0.000307424566428
siglogm = 0.0633950430707
m0_over_m1 = 0.0239150792879
m1_over_mmin = 16.4314274498
alpha = 0.769603596952
q_env = 0.0
del_gamma = 0.0
f_cen = 1.0
a_conc = 1.31058716296
delta_b = 0.0
delta_c = 0.0
r_rescale = 0.546154301006
omega_m = 0.314
sigma_8 = 0.820
h0 = 67.26
ns = 0.9652
omega_b = 0.0491
w0 = -1.0
redshift = 0.300
dir = 19
is_stochastic = True
seed = 42

