[params]
ngal = 0.000339751173438
siglogm = 0.638264524906
m0_over_m1 = 0.0422605832014
m1_over_mmin = 11.3138709246
alpha = 1.48686515586
q_env = 0.0
del_gamma = 0.0
f_cen = 1.0
a_conc = 1.7649407261
delta_b = 0.0
delta_c = 0.0
r_rescale = 0.685711299388
omega_m = 0.314
sigma_8 = 0.820
h0 = 67.26
ns = 0.9652
omega_b = 0.0491
w0 = -1.0
redshift = 0.300
dir = 30
is_stochastic = True
seed = 42

