[params]
ngal = 0.000256920988001
siglogm = 0.578363886423
m0_over_m1 = 0.314385703877
m1_over_mmin = 16.2827086615
alpha = 0.926905129938
q_env = 0.0
del_gamma = 0.0
f_cen = 1.0
a_conc = 1.89692646699
delta_b = 0.0
delta_c = 0.0
r_rescale = 1.04183814593
omega_m = 0.314
sigma_8 = 0.820
h0 = 67.26
ns = 0.9652
omega_b = 0.0491
w0 = -1.0
redshift = 0.300
dir = 11
is_stochastic = True
seed = 42

