[params]
ngal = 0.000296678739927
siglogm = 0.259372772951
m0_over_m1 = 0.385805700793
m1_over_mmin = 10.8978077436
alpha = 0.917198818057
q_env = 0.0
del_gamma = 0.0
f_cen = 1.0
a_conc = 1.05849840991
delta_b = 0.0
delta_c = 0.0
r_rescale = 0.708462098728
omega_m = 0.314
sigma_8 = 0.820
h0 = 67.26
ns = 0.9652
omega_b = 0.0491
w0 = -1.0
redshift = 0.300
dir = 00
is_stochastic = True
seed = 42

