[params]
ngal = 0.000258488249636
siglogm = 0.74499941265
m0_over_m1 = 0.298320099252
m1_over_mmin = 11.1924902331
alpha = 0.688518682489
q_env = 0.0
del_gamma = 0.0
f_cen = 1.0
a_conc = 0.95350954287
delta_b = 0.0
delta_c = 0.0
r_rescale = 0.941832236026
omega_m = 0.314
sigma_8 = 0.820
h0 = 67.26
ns = 0.9652
omega_b = 0.0491
w0 = -1.0
redshift = 0.300
dir = 09
is_stochastic = True
seed = 42

