[params]
ngal = 0.00031852917051
siglogm = 0.0864152435627
m0_over_m1 = 0.173450963554
m1_over_mmin = 14.3465834224
alpha = 1.16081549753
q_env = 0.0
del_gamma = 0.0
f_cen = 1.0
a_conc = 1.11041023603
delta_b = 0.0
delta_c = 0.0
r_rescale = 0.922763820739
omega_m = 0.314
sigma_8 = 0.820
h0 = 67.26
ns = 0.9652
omega_b = 0.0491
w0 = -1.0
redshift = 0.300
dir = 37
is_stochastic = True
seed = 42

