[params]
ngal = 0.000265533212152
siglogm = 0.596726284178
m0_over_m1 = 0.128808627563
m1_over_mmin = 15.6943887559
alpha = 1.16567907902
q_env = 0.0
del_gamma = 0.0
f_cen = 1.0
a_conc = 2.90433609276
delta_b = 0.0
delta_c = 0.0
r_rescale = 1.8221439256
omega_m = 0.314
sigma_8 = 0.820
h0 = 67.26
ns = 0.9652
omega_b = 0.0491
w0 = -1.0
redshift = 0.300
dir = 07
is_stochastic = True
seed = 42

