[params]
ngal = 0.000312384081908
siglogm = 0.284531855445
m0_over_m1 = 0.245374366042
m1_over_mmin = 8.42755679886
alpha = 0.785495348755
q_env = 0.0
del_gamma = 0.0
f_cen = 1.0
a_conc = 2.46578357303
delta_b = 0.0
delta_c = 0.0
r_rescale = 0.983354531329
omega_m = 0.314
sigma_8 = 0.820
h0 = 67.26
ns = 0.9652
omega_b = 0.0491
w0 = -1.0
redshift = 0.300
dir = 01
is_stochastic = True
seed = 42

