[params]
ngal = 0.000281885610456
siglogm = 0.390408490388
m0_over_m1 = 0.318154373956
m1_over_mmin = 11.7840016112
alpha = 1.30252285883
q_env = 0.0
del_gamma = 0.0
f_cen = 1.0
a_conc = 0.711639398776
delta_b = 0.0
delta_c = 0.0
r_rescale = 0.55509497176
omega_m = 0.314
sigma_8 = 0.820
h0 = 67.26
ns = 0.9652
omega_b = 0.0491
w0 = -1.0
redshift = 0.300
dir = 13
is_stochastic = True
seed = 42

