[params]
ngal = 0.000338983456111
siglogm = 0.201082579891
m0_over_m1 = 0.372292333714
m1_over_mmin = 11.0751481522
alpha = 0.935579470755
q_env = 0.0
del_gamma = 0.0
f_cen = 1.0
a_conc = 2.07980283926
delta_b = 0.0
delta_c = 0.0
r_rescale = 1.60854638307
omega_m = 0.314
sigma_8 = 0.820
h0 = 67.26
ns = 0.9652
omega_b = 0.0491
w0 = -1.0
redshift = 0.300
dir = planck
is_stochastic = True
seed = 42

