[params]
ngal = 0.000274217877034
siglogm = 0.403556832538
m0_over_m1 = 0.37919371844
m1_over_mmin = 11.9948799455
alpha = 0.742621003435
q_env = 0.0
del_gamma = 0.0
f_cen = 1.0
a_conc = 0.509712367042
delta_b = 0.0
delta_c = 0.0
r_rescale = 1.91946580183
omega_m = 0.314
sigma_8 = 0.820
h0 = 67.26
ns = 0.9652
omega_b = 0.0491
w0 = -1.0
redshift = 0.300
dir = 27
is_stochastic = True
seed = 42

