[params]
ngal = 0.000320303376775
siglogm = 0.691112406629
m0_over_m1 = 0.292729742783
m1_over_mmin = 13.2177391109
alpha = 1.25251896958
q_env = 0.0
del_gamma = 0.0
f_cen = 1.0
a_conc = 2.54740684123
delta_b = 0.0
delta_c = 0.0
r_rescale = 1.26804267564
omega_m = 0.314
sigma_8 = 0.820
h0 = 67.26
ns = 0.9652
omega_b = 0.0491
w0 = -1.0
redshift = 0.300
dir = 14
is_stochastic = True
seed = 42

