[params]
ngal = 0.000296898600986
siglogm = 0.790471965659
m0_over_m1 = 0.331865671921
m1_over_mmin = 12.9691937894
alpha = 0.987124037652
q_env = 0.0
del_gamma = 0.0
f_cen = 1.0
a_conc = 1.04359056021
delta_b = 0.0
delta_c = 0.0
r_rescale = 1.84389731427
omega_m = 0.314
sigma_8 = 0.820
h0 = 67.26
ns = 0.9652
omega_b = 0.0491
w0 = -1.0
redshift = 0.300
dir = 09
is_stochastic = True
seed = 42

