[params]
ngal = 0.000307112959911
siglogm = 0.542126189639
m0_over_m1 = 0.309215755227
m1_over_mmin = 8.63906470608
alpha = 1.2863609311
q_env = 0.0
del_gamma = 0.0
f_cen = 1.0
a_conc = 1.55066951253
delta_b = 0.0
delta_c = 0.0
r_rescale = 1.53978537057
omega_m = 0.314
sigma_8 = 0.820
h0 = 67.26
ns = 0.9652
omega_b = 0.0491
w0 = -1.0
redshift = 0.300
dir = 19
is_stochastic = True
seed = 42

