[params]
ngal = 0.000268267892375
siglogm = 0.392055651679
m0_over_m1 = 0.39091820751
m1_over_mmin = 13.5328233788
alpha = 0.534380518827
q_env = 0.0
del_gamma = 0.0
f_cen = 1.0
a_conc = 1.87443614913
delta_b = 0.0
delta_c = 0.0
r_rescale = 1.95163034262
omega_m = 0.314
sigma_8 = 0.820
h0 = 67.26
ns = 0.9652
omega_b = 0.0491
w0 = -1.0
redshift = 0.300
dir = 20
is_stochastic = True
seed = 42

