[params]
ngal = 0.000308749003611
siglogm = 0.437056611486
m0_over_m1 = 0.288248398897
m1_over_mmin = 12.7167789035
alpha = 0.826429325306
q_env = 0.0
del_gamma = 0.0
f_cen = 1.0
a_conc = 2.0182987847
delta_b = 0.0
delta_c = 0.0
r_rescale = 1.61808519813
omega_m = 0.314
sigma_8 = 0.820
h0 = 67.26
ns = 0.9652
omega_b = 0.0491
w0 = -1.0
redshift = 0.300
dir = 30
is_stochastic = True
seed = 42

