[params]
ngal = 0.000344631080707
siglogm = 0.531459889128
m0_over_m1 = 0.352870644871
m1_over_mmin = 14.2757432335
alpha = 0.99120886743
q_env = 0.0
del_gamma = 0.0
f_cen = 1.0
a_conc = 1.92111327002
delta_b = 0.0
delta_c = 0.0
r_rescale = 1.22313556163
omega_m = 0.314
sigma_8 = 0.820
h0 = 67.26
ns = 0.9652
omega_b = 0.0491
w0 = -1.0
redshift = 0.300
dir = 23
is_stochastic = True
seed = 42

