[params]
ngal = 0.000328933334287
siglogm = 0.233137638988
m0_over_m1 = 0.354148982876
m1_over_mmin = 13.4237717662
alpha = 0.753077796046
q_env = 0.0
del_gamma = 0.0
f_cen = 1.0
a_conc = 0.993865051736
delta_b = 0.0
delta_c = 0.0
r_rescale = 1.80637605175
omega_m = 0.314
sigma_8 = 0.820
h0 = 67.26
ns = 0.9652
omega_b = 0.0491
w0 = -1.0
redshift = 0.300
dir = 13
is_stochastic = True
seed = 42

