[params]
ngal = 0.000321474107921
siglogm = 0.767014767677
m0_over_m1 = 0.38023142249
m1_over_mmin = 11.7262867572
alpha = 1.06566654153
q_env = 0.0
del_gamma = 0.0
f_cen = 1.0
a_conc = 1.19717760736
delta_b = 0.0
delta_c = 0.0
r_rescale = 1.23121523803
omega_m = 0.314
sigma_8 = 0.820
h0 = 67.26
ns = 0.9652
omega_b = 0.0491
w0 = -1.0
redshift = 0.300
dir = 10
is_stochastic = True
seed = 42

