[params]
ngal = 0.000269903815233
siglogm = 0.0284537677888
m0_over_m1 = 0.104742060846
m1_over_mmin = 12.7005433904
alpha = 0.778074441201
q_env = 0.0
del_gamma = 0.0
f_cen = 1.0
a_conc = 2.94515153184
delta_b = 0.0
delta_c = 0.0
r_rescale = 1.18074818913
omega_m = 0.314
sigma_8 = 0.820
h0 = 67.26
ns = 0.9652
omega_b = 0.0491
w0 = -1.0
redshift = 0.300
dir = 06
is_stochastic = True
seed = 42

