[params]
ngal = 0.000295002377654
siglogm = 0.774313889761
m0_over_m1 = 0.233194455281
m1_over_mmin = 14.418974967
alpha = 1.47287877284
q_env = 0.0
del_gamma = 0.0
f_cen = 1.0
a_conc = 2.62676953475
delta_b = 0.0
delta_c = 0.0
r_rescale = 0.994553261198
omega_m = 0.314
sigma_8 = 0.820
h0 = 67.26
ns = 0.9652
omega_b = 0.0491
w0 = -1.0
redshift = 0.300
dir = planck
is_stochastic = True
seed = 42

