[params]
ngal = 0.000338185408818
siglogm = 0.290606813966
m0_over_m1 = 0.232348298466
m1_over_mmin = 7.98796787994
alpha = 0.997420271416
q_env = 0.0
del_gamma = 0.0
f_cen = 1.0
a_conc = 2.82055173881
delta_b = 0.0
delta_c = 0.0
r_rescale = 0.51677696048
omega_m = 0.314
sigma_8 = 0.820
h0 = 67.26
ns = 0.9652
omega_b = 0.0491
w0 = -1.0
redshift = 0.300
dir = 31
is_stochastic = True
seed = 42

