[params]
ngal = 0.000334523322547
siglogm = 0.411320888677
m0_over_m1 = 0.130087506515
m1_over_mmin = 9.72369506225
alpha = 0.905135021317
q_env = 0.0
del_gamma = 0.0
f_cen = 1.0
a_conc = 0.790255614045
delta_b = 0.0
delta_c = 0.0
r_rescale = 1.11602870964
omega_m = 0.314
sigma_8 = 0.820
h0 = 67.26
ns = 0.9652
omega_b = 0.0491
w0 = -1.0
redshift = 0.300
dir = 05
is_stochastic = True
seed = 42

