[params]
ngal = 0.000268418175586
siglogm = 0.271548655921
m0_over_m1 = 0.107266617539
m1_over_mmin = 13.8982378998
alpha = 1.02842936389
q_env = 0.0
del_gamma = 0.0
f_cen = 1.0
a_conc = 0.61825778399
delta_b = 0.0
delta_c = 0.0
r_rescale = 0.525723712769
omega_m = 0.314
sigma_8 = 0.820
h0 = 67.26
ns = 0.9652
omega_b = 0.0491
w0 = -1.0
redshift = 0.300
dir = 26
is_stochastic = True
seed = 42

