[params]
ngal = 0.000276140502666
siglogm = 0.185861862829
m0_over_m1 = 0.0320041616412
m1_over_mmin = 19.9887785829
alpha = 0.81969001892
q_env = 0.0
del_gamma = 0.0
f_cen = 1.0
a_conc = 1.28677407199
delta_b = 0.0
delta_c = 0.0
r_rescale = 0.507363820007
omega_m = 0.314
sigma_8 = 0.820
h0 = 67.26
ns = 0.9652
omega_b = 0.0491
w0 = -1.0
redshift = 0.300
dir = 22
is_stochastic = True
seed = 42

