[params]
ngal = 0.0002510203219
siglogm = 0.717821980757
m0_over_m1 = 0.274104067777
m1_over_mmin = 7.9449954422
alpha = 1.36560467325
q_env = 0.0
del_gamma = 0.0
f_cen = 1.0
a_conc = 0.735362167
delta_b = 0.0
delta_c = 0.0
r_rescale = 1.28593000001
omega_m = 0.314
sigma_8 = 0.820
h0 = 67.26
ns = 0.9652
omega_b = 0.0491
w0 = -1.0
redshift = 0.300
dir = 33
is_stochastic = True
seed = 42

