[params]
ngal = 0.000297672330285
siglogm = 0.194800414327
m0_over_m1 = 0.0793973581154
m1_over_mmin = 15.0616506709
alpha = 0.508398564476
q_env = 0.0
del_gamma = 0.0
f_cen = 1.0
a_conc = 2.24566297594
delta_b = 0.0
delta_c = 0.0
r_rescale = 0.625640596699
omega_m = 0.314
sigma_8 = 0.820
h0 = 67.26
ns = 0.9652
omega_b = 0.0491
w0 = -1.0
redshift = 0.300
dir = 13
is_stochastic = True
seed = 42

