[params]
ngal = 0.000277970222476
siglogm = 0.630248541308
m0_over_m1 = 0.0683593251051
m1_over_mmin = 15.160263824
alpha = 1.34358032228
q_env = 0.0
del_gamma = 0.0
f_cen = 1.0
a_conc = 2.53562105941
delta_b = 0.0
delta_c = 0.0
r_rescale = 0.680501286824
omega_m = 0.314
sigma_8 = 0.820
h0 = 67.26
ns = 0.9652
omega_b = 0.0491
w0 = -1.0
redshift = 0.300
dir = 18
is_stochastic = True
seed = 42

