[params]
ngal = 0.000344806623327
siglogm = 0.170973913273
m0_over_m1 = 0.078780149192
m1_over_mmin = 11.4355809721
alpha = 1.49147015697
q_env = 0.0
del_gamma = 0.0
f_cen = 1.0
a_conc = 2.12190368284
delta_b = 0.0
delta_c = 0.0
r_rescale = 1.77907790551
omega_m = 0.314
sigma_8 = 0.820
h0 = 67.26
ns = 0.9652
omega_b = 0.0491
w0 = -1.0
redshift = 0.300
dir = 06
is_stochastic = True
seed = 42

