[params]
ngal = 0.000330759559133
siglogm = 0.6740150546
m0_over_m1 = 0.29516565591
m1_over_mmin = 18.8862758457
alpha = 1.4094635542
q_env = 0.0
del_gamma = 0.0
f_cen = 1.0
a_conc = 2.20236327614
delta_b = 0.0
delta_c = 0.0
r_rescale = 1.45292638923
omega_m = 0.314
sigma_8 = 0.820
h0 = 67.26
ns = 0.9652
omega_b = 0.0491
w0 = -1.0
redshift = 0.300
dir = 00
is_stochastic = True
seed = 42

