[params]
ngal = 0.000302534455469
siglogm = 0.6715419156
m0_over_m1 = 0.289391680474
m1_over_mmin = 18.7298829975
alpha = 0.708981801493
q_env = 0.0
del_gamma = 0.0
f_cen = 1.0
a_conc = 1.97875696687
delta_b = 0.0
delta_c = 0.0
r_rescale = 1.49223615592
omega_m = 0.314
sigma_8 = 0.820
h0 = 67.26
ns = 0.9652
omega_b = 0.0491
w0 = -1.0
redshift = 0.300
dir = 16
is_stochastic = True
seed = 42

