[params]
ngal = 0.000282618313154
siglogm = 0.127558838215
m0_over_m1 = 0.382281296246
m1_over_mmin = 15.0174555042
alpha = 0.890572250321
q_env = 0.0
del_gamma = 0.0
f_cen = 1.0
a_conc = 1.55596969252
delta_b = 0.0
delta_c = 0.0
r_rescale = 0.622853644406
omega_m = 0.314
sigma_8 = 0.820
h0 = 67.26
ns = 0.9652
omega_b = 0.0491
w0 = -1.0
redshift = 0.300
dir = 03
is_stochastic = True
seed = 42

