[params]
ngal = 0.000332180329292
siglogm = 0.156799871415
m0_over_m1 = 0.364960415756
m1_over_mmin = 19.8904672986
alpha = 0.747797711603
q_env = 0.0
del_gamma = 0.0
f_cen = 1.0
a_conc = 1.17672844127
delta_b = 0.0
delta_c = 0.0
r_rescale = 1.66903882363
omega_m = 0.314
sigma_8 = 0.820
h0 = 67.26
ns = 0.9652
omega_b = 0.0491
w0 = -1.0
redshift = 0.300
dir = 08
is_stochastic = True
seed = 42

