[params]
ngal = 0.00028104514588
siglogm = 0.0521116036159
m0_over_m1 = 0.291666617953
m1_over_mmin = 12.8229029061
alpha = 0.545247589935
q_env = 0.0
del_gamma = 0.0
f_cen = 1.0
a_conc = 2.60502234581
delta_b = 0.0
delta_c = 0.0
r_rescale = 1.25470214722
omega_m = 0.314
sigma_8 = 0.820
h0 = 67.26
ns = 0.9652
omega_b = 0.0491
w0 = -1.0
redshift = 0.300
dir = 25
is_stochastic = True
seed = 42

