[params]
ngal = 0.000252909606929
siglogm = 0.541632527276
m0_over_m1 = 0.142112944564
m1_over_mmin = 14.661203308
alpha = 1.09259564509
q_env = 0.0
del_gamma = 0.0
f_cen = 1.0
a_conc = 2.01092389128
delta_b = 0.0
delta_c = 0.0
r_rescale = 1.74760573773
omega_m = 0.314
sigma_8 = 0.820
h0 = 67.26
ns = 0.9652
omega_b = 0.0491
w0 = -1.0
redshift = 0.300
dir = 32
is_stochastic = True
seed = 42

