[params]
ngal = 0.000337490076989
siglogm = 0.102447937096
m0_over_m1 = 0.320997847885
m1_over_mmin = 9.16937070843
alpha = 0.704897005987
q_env = 0.0
del_gamma = 0.0
f_cen = 1.0
a_conc = 1.47030355906
delta_b = 0.0
delta_c = 0.0
r_rescale = 1.24829763223
omega_m = 0.314
sigma_8 = 0.820
h0 = 67.26
ns = 0.9652
omega_b = 0.0491
w0 = -1.0
redshift = 0.300
dir = 18
is_stochastic = True
seed = 42

