[params]
ngal = 0.000332543829369
siglogm = 0.344144704049
m0_over_m1 = 0.127196622187
m1_over_mmin = 17.5095272634
alpha = 1.07154700217
q_env = 0.0
del_gamma = 0.0
f_cen = 1.0
a_conc = 1.97268407485
delta_b = 0.0
delta_c = 0.0
r_rescale = 1.34742892378
omega_m = 0.314
sigma_8 = 0.820
h0 = 67.26
ns = 0.9652
omega_b = 0.0491
w0 = -1.0
redshift = 0.300
dir = 27
is_stochastic = True
seed = 42

