[params]
ngal = 0.000306439637642
siglogm = 0.312561236582
m0_over_m1 = 0.0143627049629
m1_over_mmin = 12.2001766724
alpha = 1.17594207664
q_env = 0.0
del_gamma = 0.0
f_cen = 1.0
a_conc = 0.530941197043
delta_b = 0.0
delta_c = 0.0
r_rescale = 1.61341988967
omega_m = 0.314
sigma_8 = 0.820
h0 = 67.26
ns = 0.9652
omega_b = 0.0491
w0 = -1.0
redshift = 0.300
dir = 02
is_stochastic = True
seed = 42

