[params]
ngal = 0.000275398041905
siglogm = 0.302131758065
m0_over_m1 = 0.134909222571
m1_over_mmin = 15.8083551212
alpha = 0.817660036086
q_env = 0.0
del_gamma = 0.0
f_cen = 1.0
a_conc = 2.83963443675
delta_b = 0.0
delta_c = 0.0
r_rescale = 1.7270074462
omega_m = 0.314
sigma_8 = 0.820
h0 = 67.26
ns = 0.9652
omega_b = 0.0491
w0 = -1.0
redshift = 0.300
dir = 22
is_stochastic = True
seed = 42

