[params]
ngal = 0.000289328861518
siglogm = 0.0109802249524
m0_over_m1 = 0.201993028633
m1_over_mmin = 16.3729224695
alpha = 1.05968139026
q_env = 0.0
del_gamma = 0.0
f_cen = 1.0
a_conc = 0.81731117258
delta_b = 0.0
delta_c = 0.0
r_rescale = 0.963113892901
omega_m = 0.314
sigma_8 = 0.820
h0 = 67.26
ns = 0.9652
omega_b = 0.0491
w0 = -1.0
redshift = 0.300
dir = 07
is_stochastic = True
seed = 42

