[params]
ngal = 0.000311670676442
siglogm = 0.77757964444
m0_over_m1 = 0.348211307291
m1_over_mmin = 7.96001947273
alpha = 0.939053353214
q_env = 0.0
del_gamma = 0.0
f_cen = 1.0
a_conc = 2.1078624327
delta_b = 0.0
delta_c = 0.0
r_rescale = 1.19584213208
omega_m = 0.314
sigma_8 = 0.820
h0 = 67.26
ns = 0.9652
omega_b = 0.0491
w0 = -1.0
redshift = 0.300
dir = 00
is_stochastic = True
seed = 42

