[params]
ngal = 0.000273933259993
siglogm = 0.0691237802951
m0_over_m1 = 0.283256762463
m1_over_mmin = 12.278125774
alpha = 1.30153933878
q_env = 0.0
del_gamma = 0.0
f_cen = 1.0
a_conc = 2.53673842662
delta_b = 0.0
delta_c = 0.0
r_rescale = 0.977520563486
omega_m = 0.314
sigma_8 = 0.820
h0 = 67.26
ns = 0.9652
omega_b = 0.0491
w0 = -1.0
redshift = 0.300
dir = 22
is_stochastic = True
seed = 42

