[params]
ngal = 0.000290135199074
siglogm = 0.51765153545
m0_over_m1 = 0.210785351978
m1_over_mmin = 18.8478301118
alpha = 0.634706249626
q_env = 0.0
del_gamma = 0.0
f_cen = 1.0
a_conc = 2.56187513228
delta_b = 0.0
delta_c = 0.0
r_rescale = 1.49854616614
omega_m = 0.314
sigma_8 = 0.820
h0 = 67.26
ns = 0.9652
omega_b = 0.0491
w0 = -1.0
redshift = 0.300
dir = 30
is_stochastic = True
seed = 42

