[params]
ngal = 0.000316074704853
siglogm = 0.701846715667
m0_over_m1 = 0.0894680086533
m1_over_mmin = 15.6529587538
alpha = 0.593162626363
q_env = 0.0
del_gamma = 0.0
f_cen = 1.0
a_conc = 1.36374374653
delta_b = 0.0
delta_c = 0.0
r_rescale = 1.93568925928
omega_m = 0.314
sigma_8 = 0.820
h0 = 67.26
ns = 0.9652
omega_b = 0.0491
w0 = -1.0
redshift = 0.300
dir = 35
is_stochastic = True
seed = 42

