[params]
ngal = 0.000310342357558
siglogm = 0.360481732841
m0_over_m1 = 0.123276650592
m1_over_mmin = 13.3885403451
alpha = 0.595886047595
q_env = 0.0
del_gamma = 0.0
f_cen = 1.0
a_conc = 2.11492993585
delta_b = 0.0
delta_c = 0.0
r_rescale = 1.20339410067
omega_m = 0.314
sigma_8 = 0.820
h0 = 67.26
ns = 0.9652
omega_b = 0.0491
w0 = -1.0
redshift = 0.300
dir = 21
is_stochastic = True
seed = 42

