[params]
ngal = 0.000273341761422
siglogm = 0.106735618595
m0_over_m1 = 0.160339983627
m1_over_mmin = 18.3108870843
alpha = 0.842831328163
q_env = 0.0
del_gamma = 0.0
f_cen = 1.0
a_conc = 2.41007816127
delta_b = 0.0
delta_c = 0.0
r_rescale = 1.06515347139
omega_m = 0.314
sigma_8 = 0.820
h0 = 67.26
ns = 0.9652
omega_b = 0.0491
w0 = -1.0
redshift = 0.300
dir = 23
is_stochastic = True
seed = 42

