[params]
ngal = 0.000341016369021
siglogm = 0.708035836995
m0_over_m1 = 0.209967126295
m1_over_mmin = 14.8857090239
alpha = 1.35856524925
q_env = 0.0
del_gamma = 0.0
f_cen = 1.0
a_conc = 0.806764377834
delta_b = 0.0
delta_c = 0.0
r_rescale = 0.759690742067
omega_m = 0.314
sigma_8 = 0.820
h0 = 67.26
ns = 0.9652
omega_b = 0.0491
w0 = -1.0
redshift = 0.300
dir = 21
is_stochastic = True
seed = 42

