[params]
ngal = 0.000250741336165
siglogm = 0.425054423055
m0_over_m1 = 0.218321119139
m1_over_mmin = 9.39109725082
alpha = 1.15060855026
q_env = 0.0
del_gamma = 0.0
f_cen = 1.0
a_conc = 2.47201801831
delta_b = 0.0
delta_c = 0.0
r_rescale = 1.25179515292
omega_m = 0.314
sigma_8 = 0.820
h0 = 67.26
ns = 0.9652
omega_b = 0.0491
w0 = -1.0
redshift = 0.300
dir = 06
is_stochastic = True
seed = 42

