[params]
ngal = 0.000305121090374
siglogm = 0.350260567623
m0_over_m1 = 0.154575882394
m1_over_mmin = 13.2009435542
alpha = 0.948386903047
q_env = 0.0
del_gamma = 0.0
f_cen = 1.0
a_conc = 1.56879724553
delta_b = 0.0
delta_c = 0.0
r_rescale = 1.43477487479
omega_m = 0.314
sigma_8 = 0.820
h0 = 67.26
ns = 0.9652
omega_b = 0.0491
w0 = -1.0
redshift = 0.300
dir = 03
is_stochastic = True
seed = 42

