[params]
ngal = 0.000313565005646
siglogm = 0.651326546887
m0_over_m1 = 0.0231886902571
m1_over_mmin = 8.36989912227
alpha = 1.32736317898
q_env = 0.0
del_gamma = 0.0
f_cen = 1.0
a_conc = 1.35345853253
delta_b = 0.0
delta_c = 0.0
r_rescale = 1.83783730535
omega_m = 0.314
sigma_8 = 0.820
h0 = 67.26
ns = 0.9652
omega_b = 0.0491
w0 = -1.0
redshift = 0.300
dir = 09
is_stochastic = True
seed = 42

