[params]
ngal = 0.000290578360237
siglogm = 0.795062834104
m0_over_m1 = 0.0917198608405
m1_over_mmin = 16.4873608071
alpha = 0.936978860944
q_env = 0.0
del_gamma = 0.0
f_cen = 1.0
a_conc = 2.36226781927
delta_b = 0.0
delta_c = 0.0
r_rescale = 1.36349318088
omega_m = 0.314
sigma_8 = 0.820
h0 = 67.26
ns = 0.9652
omega_b = 0.0491
w0 = -1.0
redshift = 0.300
dir = 09
is_stochastic = True
seed = 42

