[params]
ngal = 0.000302039286237
siglogm = 0.251709000796
m0_over_m1 = 0.116579140535
m1_over_mmin = 16.5347586793
alpha = 0.844416632055
q_env = 0.0
del_gamma = 0.0
f_cen = 1.0
a_conc = 2.84457357948
delta_b = 0.0
delta_c = 0.0
r_rescale = 1.41455936472
omega_m = 0.314
sigma_8 = 0.820
h0 = 67.26
ns = 0.9652
omega_b = 0.0491
w0 = -1.0
redshift = 0.300
dir = 17
is_stochastic = True
seed = 42

