[params]
ngal = 0.000321135761265
siglogm = 0.567259493801
m0_over_m1 = 0.0825753426946
m1_over_mmin = 19.4552390916
alpha = 0.683674999587
q_env = 0.0
del_gamma = 0.0
f_cen = 1.0
a_conc = 1.75383990727
delta_b = 0.0
delta_c = 0.0
r_rescale = 0.658430931828
omega_m = 0.314
sigma_8 = 0.820
h0 = 67.26
ns = 0.9652
omega_b = 0.0491
w0 = -1.0
redshift = 0.300
dir = 24
is_stochastic = True
seed = 42

