[params]
ngal = 0.000258047366051
siglogm = 0.427157880174
m0_over_m1 = 0.270920065886
m1_over_mmin = 15.908565854
alpha = 0.628916467976
q_env = 0.0
del_gamma = 0.0
f_cen = 1.0
a_conc = 1.30253472643
delta_b = 0.0
delta_c = 0.0
r_rescale = 0.540196874488
omega_m = 0.314
sigma_8 = 0.820
h0 = 67.26
ns = 0.9652
omega_b = 0.0491
w0 = -1.0
redshift = 0.300
dir = 38
is_stochastic = True
seed = 42

