[params]
ngal = 0.000255150333642
siglogm = 0.237889559979
m0_over_m1 = 0.172289076293
m1_over_mmin = 10.5045873166
alpha = 1.39320262128
q_env = 0.0
del_gamma = 0.0
f_cen = 1.0
a_conc = 2.43997131521
delta_b = 0.0
delta_c = 0.0
r_rescale = 1.01683666475
omega_m = 0.314
sigma_8 = 0.820
h0 = 67.26
ns = 0.9652
omega_b = 0.0491
w0 = -1.0
redshift = 0.300
dir = 24
is_stochastic = True
seed = 42

