[params]
ngal = 0.000342150751776
siglogm = 0.666757000934
m0_over_m1 = 0.00656082439114
m1_over_mmin = 11.4768338045
alpha = 0.880741063947
q_env = 0.0
del_gamma = 0.0
f_cen = 1.0
a_conc = 1.57614795618
delta_b = 0.0
delta_c = 0.0
r_rescale = 1.64342736749
omega_m = 0.314
sigma_8 = 0.820
h0 = 67.26
ns = 0.9652
omega_b = 0.0491
w0 = -1.0
redshift = 0.300
dir = 16
is_stochastic = True
seed = 42

