[params]
ngal = 0.000328457102312
siglogm = 0.481302271193
m0_over_m1 = 0.048329540525
m1_over_mmin = 13.6023590577
alpha = 0.817016991152
q_env = 0.0
del_gamma = 0.0
f_cen = 1.0
a_conc = 1.70560640341
delta_b = 0.0
delta_c = 0.0
r_rescale = 1.7462641624
omega_m = 0.314
sigma_8 = 0.820
h0 = 67.26
ns = 0.9652
omega_b = 0.0491
w0 = -1.0
redshift = 0.300
dir = 20
is_stochastic = True
seed = 42

