[params]
ngal = 0.000278888252307
siglogm = 0.318185841304
m0_over_m1 = 0.184509146008
m1_over_mmin = 11.6959779837
alpha = 1.24307455984
q_env = 0.0
del_gamma = 0.0
f_cen = 1.0
a_conc = 2.04338942875
delta_b = 0.0
delta_c = 0.0
r_rescale = 1.70795414411
omega_m = 0.314
sigma_8 = 0.820
h0 = 67.26
ns = 0.9652
omega_b = 0.0491
w0 = -1.0
redshift = 0.300
dir = 02
is_stochastic = True
seed = 42

