[params]
ngal = 0.000312532572107
siglogm = 0.72722847213
m0_over_m1 = 0.143728313107
m1_over_mmin = 18.2456992951
alpha = 0.902151761751
q_env = 0.0
del_gamma = 0.0
f_cen = 1.0
a_conc = 1.89588726685
delta_b = 0.0
delta_c = 0.0
r_rescale = 1.50037257663
omega_m = 0.314
sigma_8 = 0.820
h0 = 67.26
ns = 0.9652
omega_b = 0.0491
w0 = -1.0
redshift = 0.300
dir = 03
is_stochastic = True
seed = 42

