[params]
ngal = 0.000282941537052
siglogm = 0.380784096025
m0_over_m1 = 0.268757415706
m1_over_mmin = 10.4223007792
alpha = 1.29475245144
q_env = 0.0
del_gamma = 0.0
f_cen = 1.0
a_conc = 1.56626694361
delta_b = 0.0
delta_c = 0.0
r_rescale = 1.03172045153
omega_m = 0.314
sigma_8 = 0.820
h0 = 67.26
ns = 0.9652
omega_b = 0.0491
w0 = -1.0
redshift = 0.300
dir = 09
is_stochastic = True
seed = 42

