[params]
ngal = 0.00027574104452
siglogm = 0.710705458685
m0_over_m1 = 0.017853798157
m1_over_mmin = 7.69604329946
alpha = 1.21142772305
q_env = 0.0
del_gamma = 0.0
f_cen = 1.0
a_conc = 2.13823234792
delta_b = 0.0
delta_c = 0.0
r_rescale = 1.09114212434
omega_m = 0.314
sigma_8 = 0.820
h0 = 67.26
ns = 0.9652
omega_b = 0.0491
w0 = -1.0
redshift = 0.300
dir = 02
is_stochastic = True
seed = 42

