[params]
ngal = 0.000298916643109
siglogm = 0.729945268733
m0_over_m1 = 0.260643551263
m1_over_mmin = 9.58669677168
alpha = 0.744586508284
q_env = 0.0
del_gamma = 0.0
f_cen = 1.0
a_conc = 2.02474983665
delta_b = 0.0
delta_c = 0.0
r_rescale = 1.67941707011
omega_m = 0.314
sigma_8 = 0.820
h0 = 67.26
ns = 0.9652
omega_b = 0.0491
w0 = -1.0
redshift = 0.300
dir = 30
is_stochastic = True
seed = 42

