[params]
ngal = 0.000302289620086
siglogm = 0.705626777524
m0_over_m1 = 0.197577109834
m1_over_mmin = 17.9716633962
alpha = 1.00065645753
q_env = 0.0
del_gamma = 0.0
f_cen = 1.0
a_conc = 2.1818357257
delta_b = 0.0
delta_c = 0.0
r_rescale = 1.40435963171
omega_m = 0.314
sigma_8 = 0.820
h0 = 67.26
ns = 0.9652
omega_b = 0.0491
w0 = -1.0
redshift = 0.300
dir = 23
is_stochastic = True
seed = 42

