[params]
ngal = 0.00031113397689
siglogm = 0.633927037077
m0_over_m1 = 0.290680883752
m1_over_mmin = 17.4948108108
alpha = 1.47004703995
q_env = 0.0
del_gamma = 0.0
f_cen = 1.0
a_conc = 1.25246738451
delta_b = 0.0
delta_c = 0.0
r_rescale = 1.30269620868
omega_m = 0.314
sigma_8 = 0.820
h0 = 67.26
ns = 0.9652
omega_b = 0.0491
w0 = -1.0
redshift = 0.300
dir = 06
is_stochastic = True
seed = 42

