[params]
ngal = 0.000335401802352
siglogm = 0.616009748532
m0_over_m1 = 0.327800699321
m1_over_mmin = 16.1274251109
alpha = 1.04374915076
q_env = 0.0
del_gamma = 0.0
f_cen = 1.0
a_conc = 1.8446370042
delta_b = 0.0
delta_c = 0.0
r_rescale = 0.785377758013
omega_m = 0.314
sigma_8 = 0.820
h0 = 67.26
ns = 0.9652
omega_b = 0.0491
w0 = -1.0
redshift = 0.300
dir = 35
is_stochastic = True
seed = 42

