[params]
ngal = 0.000303071464583
siglogm = 0.297879859452
m0_over_m1 = 0.189095272461
m1_over_mmin = 13.751109843
alpha = 0.709777680828
q_env = 0.0
del_gamma = 0.0
f_cen = 1.0
a_conc = 0.690026430778
delta_b = 0.0
delta_c = 0.0
r_rescale = 1.42923707768
omega_m = 0.314
sigma_8 = 0.820
h0 = 67.26
ns = 0.9652
omega_b = 0.0491
w0 = -1.0
redshift = 0.300
dir = 27
is_stochastic = True
seed = 42

