[params]
ngal = 0.00025258236563
siglogm = 0.142221358972
m0_over_m1 = 0.133504830423
m1_over_mmin = 18.0360347655
alpha = 1.32074053338
q_env = 0.0
del_gamma = 0.0
f_cen = 1.0
a_conc = 1.78796433621
delta_b = 0.0
delta_c = 0.0
r_rescale = 0.766093430284
omega_m = 0.314
sigma_8 = 0.820
h0 = 67.26
ns = 0.9652
omega_b = 0.0491
w0 = -1.0
redshift = 0.300
dir = 01
is_stochastic = True
seed = 42

