[params]
ngal = 0.000320509028324
siglogm = 0.0927799970048
m0_over_m1 = 0.0963875954809
m1_over_mmin = 16.0971422973
alpha = 1.33453636821
q_env = 0.0
del_gamma = 0.0
f_cen = 1.0
a_conc = 1.63779602167
delta_b = 0.0
delta_c = 0.0
r_rescale = 1.59755475569
omega_m = 0.314
sigma_8 = 0.820
h0 = 67.26
ns = 0.9652
omega_b = 0.0491
w0 = -1.0
redshift = 0.300
dir = 29
is_stochastic = True
seed = 42

