[params]
ngal = 0.000332374290716
siglogm = 0.329469656875
m0_over_m1 = 0.357586544807
m1_over_mmin = 19.3650011676
alpha = 1.34097542163
q_env = 0.0
del_gamma = 0.0
f_cen = 1.0
a_conc = 1.16025697588
delta_b = 0.0
delta_c = 0.0
r_rescale = 1.76373913808
omega_m = 0.314
sigma_8 = 0.820
h0 = 67.26
ns = 0.9652
omega_b = 0.0491
w0 = -1.0
redshift = 0.300
dir = 07
is_stochastic = True
seed = 42

