[params]
ngal = 0.0003238401073
siglogm = 0.58257984438
m0_over_m1 = 0.114186428553
m1_over_mmin = 19.6308548731
alpha = 1.0043628063
q_env = 0.0
del_gamma = 0.0
f_cen = 1.0
a_conc = 0.645497283923
delta_b = 0.0
delta_c = 0.0
r_rescale = 1.97994108578
omega_m = 0.314
sigma_8 = 0.820
h0 = 67.26
ns = 0.9652
omega_b = 0.0491
w0 = -1.0
redshift = 0.300
dir = 12
is_stochastic = True
seed = 42

