[params]
ngal = 0.000308511600985
siglogm = 0.276910750565
m0_over_m1 = 0.0203407643643
m1_over_mmin = 18.7819401394
alpha = 1.2573944724
q_env = 0.0
del_gamma = 0.0
f_cen = 1.0
a_conc = 2.50177024496
delta_b = 0.0
delta_c = 0.0
r_rescale = 1.32351741579
omega_m = 0.314
sigma_8 = 0.820
h0 = 67.26
ns = 0.9652
omega_b = 0.0491
w0 = -1.0
redshift = 0.300
dir = 39
is_stochastic = True
seed = 42

