[params]
ngal = 0.000252367653732
siglogm = 0.222354290734
m0_over_m1 = 0.250263413929
m1_over_mmin = 14.9759602266
alpha = 1.09443721235
q_env = 0.0
del_gamma = 0.0
f_cen = 1.0
a_conc = 2.35409362196
delta_b = 0.0
delta_c = 0.0
r_rescale = 1.9978976639
omega_m = 0.314
sigma_8 = 0.820
h0 = 67.26
ns = 0.9652
omega_b = 0.0491
w0 = -1.0
redshift = 0.300
dir = 13
is_stochastic = True
seed = 42

