[params]
ngal = 0.00029329471113
siglogm = 0.608208457421
m0_over_m1 = 0.219438164307
m1_over_mmin = 11.3482503015
alpha = 0.950567390273
q_env = 0.0
del_gamma = 0.0
f_cen = 1.0
a_conc = 2.67853210059
delta_b = 0.0
delta_c = 0.0
r_rescale = 0.906577340078
omega_m = 0.314
sigma_8 = 0.820
h0 = 67.26
ns = 0.9652
omega_b = 0.0491
w0 = -1.0
redshift = 0.300
dir = 38
is_stochastic = True
seed = 42

