[params]
ngal = 0.000338570291823
siglogm = 0.136647016851
m0_over_m1 = 0.382979101643
m1_over_mmin = 19.2455154461
alpha = 0.524551626622
q_env = 0.0
del_gamma = 0.0
f_cen = 1.0
a_conc = 2.29979409211
delta_b = 0.0
delta_c = 0.0
r_rescale = 1.0629949065
omega_m = 0.314
sigma_8 = 0.820
h0 = 67.26
ns = 0.9652
omega_b = 0.0491
w0 = -1.0
redshift = 0.300
dir = 32
is_stochastic = True
seed = 42

