[params]
ngal = 0.00032082306352
siglogm = 0.055952538206
m0_over_m1 = 0.119866735382
m1_over_mmin = 8.29979247128
alpha = 0.542666285196
q_env = 0.0
del_gamma = 0.0
f_cen = 1.0
a_conc = 2.49133308976
delta_b = 0.0
delta_c = 0.0
r_rescale = 1.13127520307
omega_m = 0.314
sigma_8 = 0.820
h0 = 67.26
ns = 0.9652
omega_b = 0.0491
w0 = -1.0
redshift = 0.300
dir = 15
is_stochastic = True
seed = 42

