[params]
ngal = 0.000260383139837
siglogm = 0.637603573362
m0_over_m1 = 0.0591573354851
m1_over_mmin = 9.6463087856
alpha = 0.539646069246
q_env = 0.0
del_gamma = 0.0
f_cen = 1.0
a_conc = 1.60267706163
delta_b = 0.0
delta_c = 0.0
r_rescale = 1.53066513126
omega_m = 0.314
sigma_8 = 0.820
h0 = 67.26
ns = 0.9652
omega_b = 0.0491
w0 = -1.0
redshift = 0.300
dir = 21
is_stochastic = True
seed = 42

