[params]
ngal = 0.000321860166678
siglogm = 0.181737799687
m0_over_m1 = 0.291770799665
m1_over_mmin = 19.0556163621
alpha = 1.02665796587
q_env = 0.0
del_gamma = 0.0
f_cen = 1.0
a_conc = 1.08338976488
delta_b = 0.0
delta_c = 0.0
r_rescale = 1.45594212355
omega_m = 0.314
sigma_8 = 0.820
h0 = 67.26
ns = 0.9652
omega_b = 0.0491
w0 = -1.0
redshift = 0.300
dir = 16
is_stochastic = True
seed = 42

