[params]
ngal = 0.000349019747298
siglogm = 0.160949189022
m0_over_m1 = 0.174093616525
m1_over_mmin = 16.6692316828
alpha = 1.28453853943
q_env = 0.0
del_gamma = 0.0
f_cen = 1.0
a_conc = 1.95420970483
delta_b = 0.0
delta_c = 0.0
r_rescale = 1.40059311401
omega_m = 0.314
sigma_8 = 0.820
h0 = 67.26
ns = 0.9652
omega_b = 0.0491
w0 = -1.0
redshift = 0.300
dir = 21
is_stochastic = True
seed = 42

