[params]
ngal = 0.00031768184485
siglogm = 0.678012721194
m0_over_m1 = 0.182189850919
m1_over_mmin = 13.2622617748
alpha = 1.37134735756
q_env = 0.0
del_gamma = 0.0
f_cen = 1.0
a_conc = 2.320601031
delta_b = 0.0
delta_c = 0.0
r_rescale = 1.82795174605
omega_m = 0.314
sigma_8 = 0.820
h0 = 67.26
ns = 0.9652
omega_b = 0.0491
w0 = -1.0
redshift = 0.300
dir = 31
is_stochastic = True
seed = 42

