[params]
ngal = 0.000314505974533
siglogm = 0.224204578032
m0_over_m1 = 0.00732045615754
m1_over_mmin = 9.50517906565
alpha = 1.12983689059
q_env = 0.0
del_gamma = 0.0
f_cen = 1.0
a_conc = 2.92083145693
delta_b = 0.0
delta_c = 0.0
r_rescale = 1.46162681991
omega_m = 0.314
sigma_8 = 0.820
h0 = 67.26
ns = 0.9652
omega_b = 0.0491
w0 = -1.0
redshift = 0.300
dir = 38
is_stochastic = True
seed = 42

