[params]
ngal = 0.00028619333829
siglogm = 0.656916833699
m0_over_m1 = 0.225608862081
m1_over_mmin = 9.28848217696
alpha = 1.19182750151
q_env = 0.0
del_gamma = 0.0
f_cen = 1.0
a_conc = 2.27392977804
delta_b = 0.0
delta_c = 0.0
r_rescale = 0.564087794283
omega_m = 0.314
sigma_8 = 0.820
h0 = 67.26
ns = 0.9652
omega_b = 0.0491
w0 = -1.0
redshift = 0.300
dir = 05
is_stochastic = True
seed = 42

