[params]
ngal = 0.000337986068751
siglogm = 0.581093227255
m0_over_m1 = 0.240345011403
m1_over_mmin = 8.92964153735
alpha = 1.48961795209
q_env = 0.0
del_gamma = 0.0
f_cen = 1.0
a_conc = 2.96518336309
delta_b = 0.0
delta_c = 0.0
r_rescale = 1.95771141693
omega_m = 0.314
sigma_8 = 0.820
h0 = 67.26
ns = 0.9652
omega_b = 0.0491
w0 = -1.0
redshift = 0.300
dir = 34
is_stochastic = True
seed = 42

