[params]
ngal = 0.000253497789395
siglogm = 0.621491153348
m0_over_m1 = 0.221777186069
m1_over_mmin = 12.538845396
alpha = 1.37934204872
q_env = 0.0
del_gamma = 0.0
f_cen = 1.0
a_conc = 2.45056023861
delta_b = 0.0
delta_c = 0.0
r_rescale = 0.592037094511
omega_m = 0.314
sigma_8 = 0.820
h0 = 67.26
ns = 0.9652
omega_b = 0.0491
w0 = -1.0
redshift = 0.300
dir = 18
is_stochastic = True
seed = 42

