[params]
ngal = 0.000264669995267
siglogm = 0.453549705305
m0_over_m1 = 0.137427537021
m1_over_mmin = 17.7361154408
alpha = 0.835843506522
q_env = 0.0
del_gamma = 0.0
f_cen = 1.0
a_conc = 2.87557666789
delta_b = 0.0
delta_c = 0.0
r_rescale = 0.655141493648
omega_m = 0.314
sigma_8 = 0.820
h0 = 67.26
ns = 0.9652
omega_b = 0.0491
w0 = -1.0
redshift = 0.300
dir = 00
is_stochastic = True
seed = 42

