[params]
ngal = 0.000255787703298
siglogm = 0.0716635775692
m0_over_m1 = 0.286334879844
m1_over_mmin = 16.7717478924
alpha = 0.681129864054
q_env = 0.0
del_gamma = 0.0
f_cen = 1.0
a_conc = 0.683902164759
delta_b = 0.0
delta_c = 0.0
r_rescale = 1.27379845743
omega_m = 0.314
sigma_8 = 0.820
h0 = 67.26
ns = 0.9652
omega_b = 0.0491
w0 = -1.0
redshift = 0.300
dir = 26
is_stochastic = True
seed = 42

