[params]
ngal = 0.000279901259469
siglogm = 0.459858917783
m0_over_m1 = 0.316123502094
m1_over_mmin = 13.6588043574
alpha = 1.20009133823
q_env = 0.0
del_gamma = 0.0
f_cen = 1.0
a_conc = 0.824903991653
delta_b = 0.0
delta_c = 0.0
r_rescale = 1.9721353414
omega_m = 0.314
sigma_8 = 0.820
h0 = 67.26
ns = 0.9652
omega_b = 0.0491
w0 = -1.0
redshift = 0.300
dir = 06
is_stochastic = True
seed = 42

