[params]
ngal = 0.000310126657493
siglogm = 0.123282700939
m0_over_m1 = 0.387636746367
m1_over_mmin = 9.81014833226
alpha = 1.224468255
q_env = 0.0
del_gamma = 0.0
f_cen = 1.0
a_conc = 2.23537387978
delta_b = 0.0
delta_c = 0.0
r_rescale = 1.38780914898
omega_m = 0.314
sigma_8 = 0.820
h0 = 67.26
ns = 0.9652
omega_b = 0.0491
w0 = -1.0
redshift = 0.300
dir = 39
is_stochastic = True
seed = 42

