[params]
ngal = 0.000263401171248
siglogm = 0.548259665613
m0_over_m1 = 0.32632174905
m1_over_mmin = 10.0370759162
alpha = 0.676922761657
q_env = 0.0
del_gamma = 0.0
f_cen = 1.0
a_conc = 1.45924628346
delta_b = 0.0
delta_c = 0.0
r_rescale = 1.15437027532
omega_m = 0.314
sigma_8 = 0.820
h0 = 67.26
ns = 0.9652
omega_b = 0.0491
w0 = -1.0
redshift = 0.300
dir = 34
is_stochastic = True
seed = 42

