[params]
ngal = 0.000289747155821
siglogm = 0.0670144086267
m0_over_m1 = 0.344063497247
m1_over_mmin = 10.2264857095
alpha = 1.12321539046
q_env = 0.0
del_gamma = 0.0
f_cen = 1.0
a_conc = 1.66586154632
delta_b = 0.0
delta_c = 0.0
r_rescale = 1.81908413511
omega_m = 0.314
sigma_8 = 0.820
h0 = 67.26
ns = 0.9652
omega_b = 0.0491
w0 = -1.0
redshift = 0.300
dir = 08
is_stochastic = True
seed = 42

