[params]
ngal = 0.000319734354549
siglogm = 0.362336021564
m0_over_m1 = 0.28457259651
m1_over_mmin = 12.8609185601
alpha = 1.01617431719
q_env = 0.0
del_gamma = 0.0
f_cen = 1.0
a_conc = 0.610091700654
delta_b = 0.0
delta_c = 0.0
r_rescale = 0.530689407703
omega_m = 0.314
sigma_8 = 0.820
h0 = 67.26
ns = 0.9652
omega_b = 0.0491
w0 = -1.0
redshift = 0.300
dir = 04
is_stochastic = True
seed = 42

