[params]
ngal = 0.00033187397705
siglogm = 0.172056627377
m0_over_m1 = 0.0341497131826
m1_over_mmin = 15.4284410546
alpha = 1.20395450197
q_env = 0.0
del_gamma = 0.0
f_cen = 1.0
a_conc = 1.98729482978
delta_b = 0.0
delta_c = 0.0
r_rescale = 1.35580337944
omega_m = 0.314
sigma_8 = 0.820
h0 = 67.26
ns = 0.9652
omega_b = 0.0491
w0 = -1.0
redshift = 0.300
dir = 27
is_stochastic = True
seed = 42

