[params]
ngal = 0.000313103210463
siglogm = 0.669043592384
m0_over_m1 = 0.237807554147
m1_over_mmin = 19.2249797483
alpha = 0.630291933302
q_env = 0.0
del_gamma = 0.0
f_cen = 1.0
a_conc = 1.42695846188
delta_b = 0.0
delta_c = 0.0
r_rescale = 1.62620747464
omega_m = 0.314
sigma_8 = 0.820
h0 = 67.26
ns = 0.9652
omega_b = 0.0491
w0 = -1.0
redshift = 0.300
dir = 37
is_stochastic = True
seed = 42

