[params]
ngal = 0.000342601822499
siglogm = 0.150462116993
m0_over_m1 = 0.287252675153
m1_over_mmin = 16.6037053917
alpha = 0.642668704291
q_env = 0.0
del_gamma = 0.0
f_cen = 1.0
a_conc = 1.94332798811
delta_b = 0.0
delta_c = 0.0
r_rescale = 0.61912279095
omega_m = 0.314
sigma_8 = 0.820
h0 = 67.26
ns = 0.9652
omega_b = 0.0491
w0 = -1.0
redshift = 0.300
dir = 07
is_stochastic = True
seed = 42

