[params]
ngal = 0.000311399537137
siglogm = 0.31600645335
m0_over_m1 = 0.207789775811
m1_over_mmin = 10.755757708
alpha = 1.30683792656
q_env = 0.0
del_gamma = 0.0
f_cen = 1.0
a_conc = 1.83568246339
delta_b = 0.0
delta_c = 0.0
r_rescale = 0.519678609277
omega_m = 0.314
sigma_8 = 0.820
h0 = 67.26
ns = 0.9652
omega_b = 0.0491
w0 = -1.0
redshift = 0.300
dir = 12
is_stochastic = True
seed = 42

