[params]
ngal = 0.000268896858723
siglogm = 0.0996770953663
m0_over_m1 = 0.187812171454
m1_over_mmin = 12.3275777508
alpha = 1.35017347546
q_env = 0.0
del_gamma = 0.0
f_cen = 1.0
a_conc = 0.741064296913
delta_b = 0.0
delta_c = 0.0
r_rescale = 1.36816310214
omega_m = 0.314
sigma_8 = 0.820
h0 = 67.26
ns = 0.9652
omega_b = 0.0491
w0 = -1.0
redshift = 0.300
dir = 11
is_stochastic = True
seed = 42

