[params]
ngal = 0.000251563481078
siglogm = 0.372240648452
m0_over_m1 = 0.055137035617
m1_over_mmin = 8.50945748894
alpha = 1.03944094747
q_env = 0.0
del_gamma = 0.0
f_cen = 1.0
a_conc = 1.03218963098
delta_b = 0.0
delta_c = 0.0
r_rescale = 0.776039893537
omega_m = 0.314
sigma_8 = 0.820
h0 = 67.26
ns = 0.9652
omega_b = 0.0491
w0 = -1.0
redshift = 0.300
dir = 17
is_stochastic = True
seed = 42

