[params]
ngal = 0.000258757825907
siglogm = 0.148506584521
m0_over_m1 = 0.00158163091635
m1_over_mmin = 11.8864223135
alpha = 0.889833530732
q_env = 0.0
del_gamma = 0.0
f_cen = 1.0
a_conc = 1.44048104681
delta_b = 0.0
delta_c = 0.0
r_rescale = 1.02163781502
omega_m = 0.314
sigma_8 = 0.820
h0 = 67.26
ns = 0.9652
omega_b = 0.0491
w0 = -1.0
redshift = 0.300
dir = 26
is_stochastic = True
seed = 42

