[params]
ngal = 0.000314383200355
siglogm = 0.697241776241
m0_over_m1 = 0.101110555785
m1_over_mmin = 14.5255557041
alpha = 0.503914114425
q_env = 0.0
del_gamma = 0.0
f_cen = 1.0
a_conc = 1.3919014126
delta_b = 0.0
delta_c = 0.0
r_rescale = 0.861060647904
omega_m = 0.314
sigma_8 = 0.820
h0 = 67.26
ns = 0.9652
omega_b = 0.0491
w0 = -1.0
redshift = 0.300
dir = 39
is_stochastic = True
seed = 42

