[params]
ngal = 0.000297131042767
siglogm = 0.0652063140664
m0_over_m1 = 0.308093746968
m1_over_mmin = 17.0934177965
alpha = 0.853225148893
q_env = 0.0
del_gamma = 0.0
f_cen = 1.0
a_conc = 0.583469823317
delta_b = 0.0
delta_c = 0.0
r_rescale = 0.59592138689
omega_m = 0.314
sigma_8 = 0.820
h0 = 67.26
ns = 0.9652
omega_b = 0.0491
w0 = -1.0
redshift = 0.300
dir = 22
is_stochastic = True
seed = 42

