[params]
ngal = 0.000339270500964
siglogm = 0.591116626818
m0_over_m1 = 0.105509267052
m1_over_mmin = 9.33577300517
alpha = 1.1259012546
q_env = 0.0
del_gamma = 0.0
f_cen = 1.0
a_conc = 1.85752982192
delta_b = 0.0
delta_c = 0.0
r_rescale = 0.966584129026
omega_m = 0.314
sigma_8 = 0.820
h0 = 67.26
ns = 0.9652
omega_b = 0.0491
w0 = -1.0
redshift = 0.300
dir = 24
is_stochastic = True
seed = 42

