[params]
ngal = 0.000334739373779
siglogm = 0.165249768235
m0_over_m1 = 0.166004361145
m1_over_mmin = 16.1703443187
alpha = 1.18123527925
q_env = 0.0
del_gamma = 0.0
f_cen = 1.0
a_conc = 0.515288464887
delta_b = 0.0
delta_c = 0.0
r_rescale = 1.09586058514
omega_m = 0.314
sigma_8 = 0.820
h0 = 67.26
ns = 0.9652
omega_b = 0.0491
w0 = -1.0
redshift = 0.300
dir = 19
is_stochastic = True
seed = 42

