[params]
ngal = 0.000341659652864
siglogm = 0.438288166688
m0_over_m1 = 0.0859610875402
m1_over_mmin = 8.57734143591
alpha = 0.697243275334
q_env = 0.0
del_gamma = 0.0
f_cen = 1.0
a_conc = 0.549780793927
delta_b = 0.0
delta_c = 0.0
r_rescale = 0.980846356655
omega_m = 0.314
sigma_8 = 0.820
h0 = 67.26
ns = 0.9652
omega_b = 0.0491
w0 = -1.0
redshift = 0.300
dir = planck
is_stochastic = True
seed = 42

