[params]
ngal = 0.000313379239649
siglogm = 0.269527200336
m0_over_m1 = 0.2438998531
m1_over_mmin = 17.9061963289
alpha = 0.80209674406
q_env = 0.0
del_gamma = 0.0
f_cen = 1.0
a_conc = 1.27536488094
delta_b = 0.0
delta_c = 0.0
r_rescale = 0.767680368904
omega_m = 0.314
sigma_8 = 0.820
h0 = 67.26
ns = 0.9652
omega_b = 0.0491
w0 = -1.0
redshift = 0.300
dir = 37
is_stochastic = True
seed = 42

