[params]
ngal = 0.000283630672233
siglogm = 0.189099494253
m0_over_m1 = 0.24422667611
m1_over_mmin = 10.524258539
alpha = 1.08929539803
q_env = 0.0
del_gamma = 0.0
f_cen = 1.0
a_conc = 1.1848799322
delta_b = 0.0
delta_c = 0.0
r_rescale = 1.37696349397
omega_m = 0.314
sigma_8 = 0.820
h0 = 67.26
ns = 0.9652
omega_b = 0.0491
w0 = -1.0
redshift = 0.300
dir = 20
is_stochastic = True
seed = 42

