[params]
ngal = 0.000346784628702
siglogm = 0.116615831317
m0_over_m1 = 0.199011808236
m1_over_mmin = 18.9280246008
alpha = 1.0506707738
q_env = 0.0
del_gamma = 0.0
f_cen = 1.0
a_conc = 1.67262029117
delta_b = 0.0
delta_c = 0.0
r_rescale = 0.534650526287
omega_m = 0.314
sigma_8 = 0.820
h0 = 67.26
ns = 0.9652
omega_b = 0.0491
w0 = -1.0
redshift = 0.300
dir = 39
is_stochastic = True
seed = 42

