[params]
ngal = 0.000315817802317
siglogm = 0.304828041849
m0_over_m1 = 0.375521596088
m1_over_mmin = 9.9250957018
alpha = 0.72403486856
q_env = 0.0
del_gamma = 0.0
f_cen = 1.0
a_conc = 1.68545934412
delta_b = 0.0
delta_c = 0.0
r_rescale = 1.53641754294
omega_m = 0.314
sigma_8 = 0.820
h0 = 67.26
ns = 0.9652
omega_b = 0.0491
w0 = -1.0
redshift = 0.300
dir = 37
is_stochastic = True
seed = 42

