[params]
ngal = 0.000325913621428
siglogm = 0.789459562903
m0_over_m1 = 0.167856482518
m1_over_mmin = 10.8526600784
alpha = 0.895811187859
q_env = 0.0
del_gamma = 0.0
f_cen = 1.0
a_conc = 2.33779275537
delta_b = 0.0
delta_c = 0.0
r_rescale = 1.8758522813
omega_m = 0.314
sigma_8 = 0.820
h0 = 67.26
ns = 0.9652
omega_b = 0.0491
w0 = -1.0
redshift = 0.300
dir = 05
is_stochastic = True
seed = 42

