[params]
ngal = 0.000254125028069
siglogm = 0.563826037974
m0_over_m1 = 0.0659522563111
m1_over_mmin = 8.1093443051
alpha = 0.65886505449
q_env = 0.0
del_gamma = 0.0
f_cen = 1.0
a_conc = 1.53928257102
delta_b = 0.0
delta_c = 0.0
r_rescale = 1.10066704372
omega_m = 0.314
sigma_8 = 0.820
h0 = 67.26
ns = 0.9652
omega_b = 0.0491
w0 = -1.0
redshift = 0.300
dir = 32
is_stochastic = True
seed = 42

