[params]
ngal = 0.000324595139602
siglogm = 0.492229140756
m0_over_m1 = 0.142953783824
m1_over_mmin = 11.8128950911
alpha = 0.904096810588
q_env = 0.0
del_gamma = 0.0
f_cen = 1.0
a_conc = 0.561267564519
delta_b = 0.0
delta_c = 0.0
r_rescale = 0.797071033689
omega_m = 0.314
sigma_8 = 0.820
h0 = 67.26
ns = 0.9652
omega_b = 0.0491
w0 = -1.0
redshift = 0.300
dir = 21
is_stochastic = True
seed = 42

