[params]
ngal = 0.000289952470658
siglogm = 0.515377308477
m0_over_m1 = 0.22768081797
m1_over_mmin = 12.2324028534
alpha = 1.07028883006
q_env = 0.0
del_gamma = 0.0
f_cen = 1.0
a_conc = 1.26835694894
delta_b = 0.0
delta_c = 0.0
r_rescale = 1.58528084282
omega_m = 0.314
sigma_8 = 0.820
h0 = 67.26
ns = 0.9652
omega_b = 0.0491
w0 = -1.0
redshift = 0.300
dir = 24
is_stochastic = True
seed = 42

