[params]
ngal = 0.00025057952443
siglogm = 0.167031685317
m0_over_m1 = 0.158645248749
m1_over_mmin = 15.2791045319
alpha = 1.13464275868
q_env = 0.0
del_gamma = 0.0
f_cen = 1.0
a_conc = 1.85046971802
delta_b = 0.0
delta_c = 0.0
r_rescale = 1.10402809406
omega_m = 0.314
sigma_8 = 0.820
h0 = 67.26
ns = 0.9652
omega_b = 0.0491
w0 = -1.0
redshift = 0.300
dir = 38
is_stochastic = True
seed = 42

