[params]
ngal = 0.000323066553624
siglogm = 0.280105107241
m0_over_m1 = 0.238390309184
m1_over_mmin = 12.9924414267
alpha = 1.1708384711
q_env = 0.0
del_gamma = 0.0
f_cen = 1.0
a_conc = 2.977148798
delta_b = 0.0
delta_c = 0.0
r_rescale = 0.781631440681
omega_m = 0.314
sigma_8 = 0.820
h0 = 67.26
ns = 0.9652
omega_b = 0.0491
w0 = -1.0
redshift = 0.300
dir = 32
is_stochastic = True
seed = 42

