[params]
ngal = 0.000278298245313
siglogm = 0.526085567492
m0_over_m1 = 0.370788369143
m1_over_mmin = 18.1647711667
alpha = 0.878995550667
q_env = 0.0
del_gamma = 0.0
f_cen = 1.0
a_conc = 1.86357541199
delta_b = 0.0
delta_c = 0.0
r_rescale = 1.29087059765
omega_m = 0.314
sigma_8 = 0.820
h0 = 67.26
ns = 0.9652
omega_b = 0.0491
w0 = -1.0
redshift = 0.300
dir = 23
is_stochastic = True
seed = 42

