[params]
ngal = 0.000286500093186
siglogm = 0.399573415613
m0_over_m1 = 0.330606453037
m1_over_mmin = 11.2361719622
alpha = 1.3682763287
q_env = 0.0
del_gamma = 0.0
f_cen = 1.0
a_conc = 1.74380666108
delta_b = 0.0
delta_c = 0.0
r_rescale = 1.42343766639
omega_m = 0.314
sigma_8 = 0.820
h0 = 67.26
ns = 0.9652
omega_b = 0.0491
w0 = -1.0
redshift = 0.300
dir = 30
is_stochastic = True
seed = 42

