[params]
ngal = 0.000261790079355
siglogm = 0.526569021449
m0_over_m1 = 0.334686499015
m1_over_mmin = 15.4240968866
alpha = 1.17321592872
q_env = 0.0
del_gamma = 0.0
f_cen = 1.0
a_conc = 1.05027274446
delta_b = 0.0
delta_c = 0.0
r_rescale = 1.27835649691
omega_m = 0.314
sigma_8 = 0.820
h0 = 67.26
ns = 0.9652
omega_b = 0.0491
w0 = -1.0
redshift = 0.300
dir = 18
is_stochastic = True
seed = 42

