[params]
ngal = 0.000293494591673
siglogm = 0.174859508826
m0_over_m1 = 0.111782148329
m1_over_mmin = 7.91602664039
alpha = 1.02375046301
q_env = 0.0
del_gamma = 0.0
f_cen = 1.0
a_conc = 0.902396050307
delta_b = 0.0
delta_c = 0.0
r_rescale = 1.33800285759
omega_m = 0.314
sigma_8 = 0.820
h0 = 67.26
ns = 0.9652
omega_b = 0.0491
w0 = -1.0
redshift = 0.300
dir = 04
is_stochastic = True
seed = 42

