[params]
ngal = 0.000296027292068
siglogm = 0.153299386719
m0_over_m1 = 0.350822617571
m1_over_mmin = 8.99410033653
alpha = 0.650023495479
q_env = 0.0
del_gamma = 0.0
f_cen = 1.0
a_conc = 1.42377966983
delta_b = 0.0
delta_c = 0.0
r_rescale = 0.731615009326
omega_m = 0.314
sigma_8 = 0.820
h0 = 67.26
ns = 0.9652
omega_b = 0.0491
w0 = -1.0
redshift = 0.300
dir = 35
is_stochastic = True
seed = 42

