[params]
ngal = 0.000274583340374
siglogm = 0.598405148843
m0_over_m1 = 0.341874155407
m1_over_mmin = 17.2731952665
alpha = 0.931074955945
q_env = 0.0
del_gamma = 0.0
f_cen = 1.0
a_conc = 0.519810794722
delta_b = 0.0
delta_c = 0.0
r_rescale = 0.831390116248
omega_m = 0.314
sigma_8 = 0.820
h0 = 67.26
ns = 0.9652
omega_b = 0.0491
w0 = -1.0
redshift = 0.300
dir = 14
is_stochastic = True
seed = 42

