[params]
ngal = 0.000309479687927
siglogm = 0.341252678074
m0_over_m1 = 0.0876987817747
m1_over_mmin = 9.31068123088
alpha = 1.32368477322
q_env = 0.0
del_gamma = 0.0
f_cen = 1.0
a_conc = 1.73281454445
delta_b = 0.0
delta_c = 0.0
r_rescale = 1.48264931793
omega_m = 0.314
sigma_8 = 0.820
h0 = 67.26
ns = 0.9652
omega_b = 0.0491
w0 = -1.0
redshift = 0.300
dir = 33
is_stochastic = True
seed = 42

