[params]
ngal = 0.000289073420419
siglogm = 0.645001658067
m0_over_m1 = 0.258641155238
m1_over_mmin = 9.08682376851
alpha = 1.00735900797
q_env = 0.0
del_gamma = 0.0
f_cen = 1.0
a_conc = 2.00606131433
delta_b = 0.0
delta_c = 0.0
r_rescale = 1.92028892912
omega_m = 0.314
sigma_8 = 0.820
h0 = 67.26
ns = 0.9652
omega_b = 0.0491
w0 = -1.0
redshift = 0.300
dir = 03
is_stochastic = True
seed = 42

