[params]
ngal = 0.000299277305242
siglogm = 0.375999452932
m0_over_m1 = 0.251063669818
m1_over_mmin = 18.2915820474
alpha = 1.42108734786
q_env = 0.0
del_gamma = 0.0
f_cen = 1.0
a_conc = 2.92805116221
delta_b = 0.0
delta_c = 0.0
r_rescale = 0.743608523736
omega_m = 0.314
sigma_8 = 0.820
h0 = 67.26
ns = 0.9652
omega_b = 0.0491
w0 = -1.0
redshift = 0.300
dir = 04
is_stochastic = True
seed = 42

