[params]
ngal = 0.000299038103118
siglogm = 0.736031101554
m0_over_m1 = 0.280334975978
m1_over_mmin = 12.0784635512
alpha = 1.38906589792
q_env = 0.0
del_gamma = 0.0
f_cen = 1.0
a_conc = 2.79309643632
delta_b = 0.0
delta_c = 0.0
r_rescale = 1.62222262586
omega_m = 0.314
sigma_8 = 0.820
h0 = 67.26
ns = 0.9652
omega_b = 0.0491
w0 = -1.0
redshift = 0.300
dir = 05
is_stochastic = True
seed = 42

