[params]
ngal = 0.000340674506868
siglogm = 0.628259745459
m0_over_m1 = 0.145030877543
m1_over_mmin = 18.3887139344
alpha = 1.21708031746
q_env = 0.0
del_gamma = 0.0
f_cen = 1.0
a_conc = 1.640663425
delta_b = 0.0
delta_c = 0.0
r_rescale = 0.616562229186
omega_m = 0.314
sigma_8 = 0.820
h0 = 67.26
ns = 0.9652
omega_b = 0.0491
w0 = -1.0
redshift = 0.300
dir = 17
is_stochastic = True
seed = 42

