[params]
ngal = 0.000261531430456
siglogm = 0.75807928711
m0_over_m1 = 0.037621433726
m1_over_mmin = 10.1764431942
alpha = 0.667592065246
q_env = 0.0
del_gamma = 0.0
f_cen = 1.0
a_conc = 2.26200349951
delta_b = 0.0
delta_c = 0.0
r_rescale = 1.91388085313
omega_m = 0.314
sigma_8 = 0.820
h0 = 67.26
ns = 0.9652
omega_b = 0.0491
w0 = -1.0
redshift = 0.300
dir = 22
is_stochastic = True
seed = 42

