[params]
ngal = 0.00027873011068
siglogm = 0.7245466508
m0_over_m1 = 0.343273939615
m1_over_mmin = 7.5464776149
alpha = 0.531204165472
q_env = 0.0
del_gamma = 0.0
f_cen = 1.0
a_conc = 1.78037757014
delta_b = 0.0
delta_c = 0.0
r_rescale = 1.92535253891
omega_m = 0.314
sigma_8 = 0.820
h0 = 67.26
ns = 0.9652
omega_b = 0.0491
w0 = -1.0
redshift = 0.300
dir = 15
is_stochastic = True
seed = 42

