[params]
ngal = 0.000311780362377
siglogm = 0.367094714995
m0_over_m1 = 0.0897788702116
m1_over_mmin = 15.5884924339
alpha = 1.26145007696
q_env = 0.0
del_gamma = 0.0
f_cen = 1.0
a_conc = 2.07430598827
delta_b = 0.0
delta_c = 0.0
r_rescale = 1.16322732225
omega_m = 0.314
sigma_8 = 0.820
h0 = 67.26
ns = 0.9652
omega_b = 0.0491
w0 = -1.0
redshift = 0.300
dir = 13
is_stochastic = True
seed = 42

