[params]
ngal = 0.000261398601125
siglogm = 0.0389389546068
m0_over_m1 = 0.224652238833
m1_over_mmin = 8.33143645618
alpha = 0.58162429746
q_env = 0.0
del_gamma = 0.0
f_cen = 1.0
a_conc = 0.649951107031
delta_b = 0.0
delta_c = 0.0
r_rescale = 1.58238354696
omega_m = 0.314
sigma_8 = 0.820
h0 = 67.26
ns = 0.9652
omega_b = 0.0491
w0 = -1.0
redshift = 0.300
dir = 20
is_stochastic = True
seed = 42

