[params]
ngal = 0.00032258993537
siglogm = 0.0316018133568
m0_over_m1 = 0.139674791414
m1_over_mmin = 15.2707530271
alpha = 1.45489599991
q_env = 0.0
del_gamma = 0.0
f_cen = 1.0
a_conc = 0.962823696181
delta_b = 0.0
delta_c = 0.0
r_rescale = 0.855894841161
omega_m = 0.314
sigma_8 = 0.820
h0 = 67.26
ns = 0.9652
omega_b = 0.0491
w0 = -1.0
redshift = 0.300
dir = 31
is_stochastic = True
seed = 42

