[params]
ngal = 0.000275013666956
siglogm = 0.0764697615527
m0_over_m1 = 0.0108821559492
m1_over_mmin = 13.6473963199
alpha = 0.625328269923
q_env = 0.0
del_gamma = 0.0
f_cen = 1.0
a_conc = 1.41299299552
delta_b = 0.0
delta_c = 0.0
r_rescale = 1.21731499107
omega_m = 0.314
sigma_8 = 0.820
h0 = 67.26
ns = 0.9652
omega_b = 0.0491
w0 = -1.0
redshift = 0.300
dir = 34
is_stochastic = True
seed = 42

