[params]
ngal = 0.000268706522692
siglogm = 0.184139163114
m0_over_m1 = 0.0489863117597
m1_over_mmin = 9.20432119351
alpha = 0.550141151721
q_env = 0.0
del_gamma = 0.0
f_cen = 1.0
a_conc = 0.934441253459
delta_b = 0.0
delta_c = 0.0
r_rescale = 1.57400684123
omega_m = 0.314
sigma_8 = 0.820
h0 = 67.26
ns = 0.9652
omega_b = 0.0491
w0 = -1.0
redshift = 0.300
dir = 33
is_stochastic = True
seed = 42

