[params]
ngal = 0.000270705248272
siglogm = 0.431044462787
m0_over_m1 = 0.0802038893623
m1_over_mmin = 10.1333816829
alpha = 1.0857331145
q_env = 0.0
del_gamma = 0.0
f_cen = 1.0
a_conc = 2.8132009821
delta_b = 0.0
delta_c = 0.0
r_rescale = 0.712149016324
omega_m = 0.314
sigma_8 = 0.820
h0 = 67.26
ns = 0.9652
omega_b = 0.0491
w0 = -1.0
redshift = 0.300
dir = 32
is_stochastic = True
seed = 42

