[params]
ngal = 0.000257073259608
siglogm = 0.589968282822
m0_over_m1 = 0.226438941886
m1_over_mmin = 11.979639564
alpha = 0.979564567135
q_env = 0.0
del_gamma = 0.0
f_cen = 1.0
a_conc = 0.929902155511
delta_b = 0.0
delta_c = 0.0
r_rescale = 0.902935293419
omega_m = 0.314
sigma_8 = 0.820
h0 = 67.26
ns = 0.9652
omega_b = 0.0491
w0 = -1.0
redshift = 0.300
dir = 10
is_stochastic = True
seed = 42

