[params]
ngal = 0.000329824185745
siglogm = 0.321475181384
m0_over_m1 = 0.0732762297283
m1_over_mmin = 9.02571441147
alpha = 1.20698230314
q_env = 0.0
del_gamma = 0.0
f_cen = 1.0
a_conc = 1.09048298179
delta_b = 0.0
delta_c = 0.0
r_rescale = 1.44902850864
omega_m = 0.314
sigma_8 = 0.820
h0 = 67.26
ns = 0.9652
omega_b = 0.0491
w0 = -1.0
redshift = 0.300
dir = 32
is_stochastic = True
seed = 42

