[params]
ngal = 0.000344151786415
siglogm = 0.226569782146
m0_over_m1 = 0.246148425938
m1_over_mmin = 8.46113206893
alpha = 1.34846057437
q_env = 0.0
del_gamma = 0.0
f_cen = 1.0
a_conc = 2.22602682039
delta_b = 0.0
delta_c = 0.0
r_rescale = 1.15589122393
omega_m = 0.314
sigma_8 = 0.820
h0 = 67.26
ns = 0.9652
omega_b = 0.0491
w0 = -1.0
redshift = 0.300
dir = 17
is_stochastic = True
seed = 42

