[params]
ngal = 0.000333874658306
siglogm = 0.310652969732
m0_over_m1 = 0.370391714122
m1_over_mmin = 14.0100860996
alpha = 1.07897767833
q_env = 0.0
del_gamma = 0.0
f_cen = 1.0
a_conc = 0.965765752116
delta_b = 0.0
delta_c = 0.0
r_rescale = 1.22555228048
omega_m = 0.314
sigma_8 = 0.820
h0 = 67.26
ns = 0.9652
omega_b = 0.0491
w0 = -1.0
redshift = 0.300
dir = 17
is_stochastic = True
seed = 42

