[params]
ngal = 0.000310510810201
siglogm = 0.768956305699
m0_over_m1 = 0.269913929638
m1_over_mmin = 19.000287433
alpha = 1.36099999172
q_env = 0.0
del_gamma = 0.0
f_cen = 1.0
a_conc = 0.749773655329
delta_b = 0.0
delta_c = 0.0
r_rescale = 1.8878702893
omega_m = 0.314
sigma_8 = 0.820
h0 = 67.26
ns = 0.9652
omega_b = 0.0491
w0 = -1.0
redshift = 0.300
dir = 09
is_stochastic = True
seed = 42

