[params]
ngal = 0.000279173299368
siglogm = 0.125297046293
m0_over_m1 = 0.279787905053
m1_over_mmin = 19.1270270603
alpha = 0.913181706892
q_env = 0.0
del_gamma = 0.0
f_cen = 1.0
a_conc = 2.8284435513
delta_b = 0.0
delta_c = 0.0
r_rescale = 1.26313220849
omega_m = 0.314
sigma_8 = 0.820
h0 = 67.26
ns = 0.9652
omega_b = 0.0491
w0 = -1.0
redshift = 0.300
dir = 17
is_stochastic = True
seed = 42

