[params]
ngal = 0.00034489498244
siglogm = 0.741661004701
m0_over_m1 = 0.12602439799
m1_over_mmin = 12.7856646945
alpha = 0.884443030161
q_env = 0.0
del_gamma = 0.0
f_cen = 1.0
a_conc = 2.26778933921
delta_b = 0.0
delta_c = 0.0
r_rescale = 1.90663539794
omega_m = 0.314
sigma_8 = 0.820
h0 = 67.26
ns = 0.9652
omega_b = 0.0491
w0 = -1.0
redshift = 0.300
dir = 16
is_stochastic = True
seed = 42

