[params]
ngal = 0.000306918821495
siglogm = 0.771666152437
m0_over_m1 = 0.346832941382
m1_over_mmin = 8.88152043807
alpha = 1.14710428922
q_env = 0.0
del_gamma = 0.0
f_cen = 1.0
a_conc = 0.947910666219
delta_b = 0.0
delta_c = 0.0
r_rescale = 1.73781123727
omega_m = 0.314
sigma_8 = 0.820
h0 = 67.26
ns = 0.9652
omega_b = 0.0491
w0 = -1.0
redshift = 0.300
dir = 32
is_stochastic = True
seed = 42

