[params]
ngal = 0.000267760804006
siglogm = 0.275655937407
m0_over_m1 = 0.399367682754
m1_over_mmin = 18.4325750322
alpha = 0.620116741167
q_env = 0.0
del_gamma = 0.0
f_cen = 1.0
a_conc = 2.73602266688
delta_b = 0.0
delta_c = 0.0
r_rescale = 1.85074402004
omega_m = 0.314
sigma_8 = 0.820
h0 = 67.26
ns = 0.9652
omega_b = 0.0491
w0 = -1.0
redshift = 0.300
dir = 31
is_stochastic = True
seed = 42

