[params]
ngal = 0.000277588368439
siglogm = 0.364345869547
m0_over_m1 = 0.0474672934265
m1_over_mmin = 13.0337420964
alpha = 1.38640519421
q_env = 0.0
del_gamma = 0.0
f_cen = 1.0
a_conc = 1.6500447704
delta_b = 0.0
delta_c = 0.0
r_rescale = 1.71621321145
omega_m = 0.314
sigma_8 = 0.820
h0 = 67.26
ns = 0.9652
omega_b = 0.0491
w0 = -1.0
redshift = 0.300
dir = 27
is_stochastic = True
seed = 42

