[params]
ngal = 0.000272341491013
siglogm = 0.0619189853525
m0_over_m1 = 0.294183732636
m1_over_mmin = 8.21782366654
alpha = 0.590481736971
q_env = 0.0
del_gamma = 0.0
f_cen = 1.0
a_conc = 0.867468558956
delta_b = 0.0
delta_c = 0.0
r_rescale = 0.927099891167
omega_m = 0.314
sigma_8 = 0.820
h0 = 67.26
ns = 0.9652
omega_b = 0.0491
w0 = -1.0
redshift = 0.300
dir = 25
is_stochastic = True
seed = 42

