[params]
ngal = 0.000342811623935
siglogm = 0.652471782375
m0_over_m1 = 0.223447630427
m1_over_mmin = 10.4350488546
alpha = 0.798313496629
q_env = 0.0
del_gamma = 0.0
f_cen = 1.0
a_conc = 0.970033597161
delta_b = 0.0
delta_c = 0.0
r_rescale = 1.89202076524
omega_m = 0.314
sigma_8 = 0.820
h0 = 67.26
ns = 0.9652
omega_b = 0.0491
w0 = -1.0
redshift = 0.300
dir = 25
is_stochastic = True
seed = 42

