[params]
ngal = 0.000299760044933
siglogm = 0.785368829615
m0_over_m1 = 0.20923826903
m1_over_mmin = 14.7729891587
alpha = 0.82691120324
q_env = 0.0
del_gamma = 0.0
f_cen = 1.0
a_conc = 1.20123620252
delta_b = 0.0
delta_c = 0.0
r_rescale = 0.630674664155
omega_m = 0.314
sigma_8 = 0.820
h0 = 67.26
ns = 0.9652
omega_b = 0.0491
w0 = -1.0
redshift = 0.300
dir = 24
is_stochastic = True
seed = 42

