[params]
ngal = 0.000280474560011
siglogm = 0.538165403708
m0_over_m1 = 0.186300080935
m1_over_mmin = 11.1366426796
alpha = 0.712944458643
q_env = 0.0
del_gamma = 0.0
f_cen = 1.0
a_conc = 1.18000560523
delta_b = 0.0
delta_c = 0.0
r_rescale = 1.13376643729
omega_m = 0.314
sigma_8 = 0.820
h0 = 67.26
ns = 0.9652
omega_b = 0.0491
w0 = -1.0
redshift = 0.300
dir = 28
is_stochastic = True
seed = 42

