[params]
ngal = 0.000327987889647
siglogm = 0.37801014194
m0_over_m1 = 0.340306120412
m1_over_mmin = 14.8504849984
alpha = 0.662835284219
q_env = 0.0
del_gamma = 0.0
f_cen = 1.0
a_conc = 1.22732002705
delta_b = 0.0
delta_c = 0.0
r_rescale = 0.890117287726
omega_m = 0.314
sigma_8 = 0.820
h0 = 67.26
ns = 0.9652
omega_b = 0.0491
w0 = -1.0
redshift = 0.300
dir = 34
is_stochastic = True
seed = 42

