[params]
ngal = 0.000345453042094
siglogm = 0.554871133668
m0_over_m1 = 0.284910125964
m1_over_mmin = 8.28411038553
alpha = 1.1217736101
q_env = 0.0
del_gamma = 0.0
f_cen = 1.0
a_conc = 2.15919734448
delta_b = 0.0
delta_c = 0.0
r_rescale = 1.28938537121
omega_m = 0.314
sigma_8 = 0.820
h0 = 67.26
ns = 0.9652
omega_b = 0.0491
w0 = -1.0
redshift = 0.300
dir = 00
is_stochastic = True
seed = 42

