[params]
ngal = 0.000257335995291
siglogm = 0.743421218558
m0_over_m1 = 0.381408799259
m1_over_mmin = 19.5945311178
alpha = 1.27127191334
q_env = 0.0
del_gamma = 0.0
f_cen = 1.0
a_conc = 2.28122025453
delta_b = 0.0
delta_c = 0.0
r_rescale = 1.4182860122
omega_m = 0.314
sigma_8 = 0.820
h0 = 67.26
ns = 0.9652
omega_b = 0.0491
w0 = -1.0
redshift = 0.300
dir = 34
is_stochastic = True
seed = 42

