[params]
ngal = 0.000265823050026
siglogm = 0.12664639481
m0_over_m1 = 0.0645139582384
m1_over_mmin = 9.38206083824
alpha = 1.2803151158
q_env = 0.0
del_gamma = 0.0
f_cen = 1.0
a_conc = 2.71273162935
delta_b = 0.0
delta_c = 0.0
r_rescale = 0.761358656801
omega_m = 0.314
sigma_8 = 0.820
h0 = 67.26
ns = 0.9652
omega_b = 0.0491
w0 = -1.0
redshift = 0.300
dir = 25
is_stochastic = True
seed = 42

