[params]
ngal = 0.000328744622574
siglogm = 0.47561380963
m0_over_m1 = 0.20566246022
m1_over_mmin = 14.569071605
alpha = 1.42401529282
q_env = 0.0
del_gamma = 0.0
f_cen = 1.0
a_conc = 1.53612673557
delta_b = 0.0
delta_c = 0.0
r_rescale = 1.96717423698
omega_m = 0.314
sigma_8 = 0.820
h0 = 67.26
ns = 0.9652
omega_b = 0.0491
w0 = -1.0
redshift = 0.300
dir = 39
is_stochastic = True
seed = 42

