[params]
ngal = 0.000329194608825
siglogm = 0.511659224327
m0_over_m1 = 0.231410441272
m1_over_mmin = 8.697214515
alpha = 0.994442155904
q_env = 0.0
del_gamma = 0.0
f_cen = 1.0
a_conc = 1.01608125035
delta_b = 0.0
delta_c = 0.0
r_rescale = 0.998413142907
omega_m = 0.314
sigma_8 = 0.820
h0 = 67.26
ns = 0.9652
omega_b = 0.0491
w0 = -1.0
redshift = 0.300
dir = 38
is_stochastic = True
seed = 42

