[params]
ngal = 0.0003228193563
siglogm = 0.279754779716
m0_over_m1 = 0.387012542977
m1_over_mmin = 19.2795756836
alpha = 1.2463260369
q_env = 0.0
del_gamma = 0.0
f_cen = 1.0
a_conc = 0.921861541377
delta_b = 0.0
delta_c = 0.0
r_rescale = 1.89922784843
omega_m = 0.314
sigma_8 = 0.820
h0 = 67.26
ns = 0.9652
omega_b = 0.0491
w0 = -1.0
redshift = 0.300
dir = 11
is_stochastic = True
seed = 42

