[params]
ngal = 0.000250007797409
siglogm = 0.133993081245
m0_over_m1 = 0.278722454456
m1_over_mmin = 12.6568094687
alpha = 1.17942835379
q_env = 0.0
del_gamma = 0.0
f_cen = 1.0
a_conc = 1.37168088775
delta_b = 0.0
delta_c = 0.0
r_rescale = 0.504096183494
omega_m = 0.314
sigma_8 = 0.820
h0 = 67.26
ns = 0.9652
omega_b = 0.0491
w0 = -1.0
redshift = 0.300
dir = 08
is_stochastic = True
seed = 42

