[params]
ngal = 0.000251454617788
siglogm = 0.0234870768681
m0_over_m1 = 0.213298313347
m1_over_mmin = 19.6457424291
alpha = 0.5702412551
q_env = 0.0
del_gamma = 0.0
f_cen = 1.0
a_conc = 0.727877928135
delta_b = 0.0
delta_c = 0.0
r_rescale = 1.07644124055
omega_m = 0.314
sigma_8 = 0.820
h0 = 67.26
ns = 0.9652
omega_b = 0.0491
w0 = -1.0
redshift = 0.300
dir = 17
is_stochastic = True
seed = 42

