[params]
ngal = 0.000348107307201
siglogm = 0.115737429805
m0_over_m1 = 0.191900494157
m1_over_mmin = 13.8506161907
alpha = 0.925080527393
q_env = 0.0
del_gamma = 0.0
f_cen = 1.0
a_conc = 0.876775155442
delta_b = 0.0
delta_c = 0.0
r_rescale = 1.35737178434
omega_m = 0.314
sigma_8 = 0.820
h0 = 67.26
ns = 0.9652
omega_b = 0.0491
w0 = -1.0
redshift = 0.300
dir = 26
is_stochastic = True
seed = 42

