[params]
ngal = 0.000264472830938
siglogm = 0.307782679565
m0_over_m1 = 0.0750798400841
m1_over_mmin = 7.59110310438
alpha = 1.10234316539
q_env = 0.0
del_gamma = 0.0
f_cen = 1.0
a_conc = 2.43413724303
delta_b = 0.0
delta_c = 0.0
r_rescale = 0.821579742293
omega_m = 0.314
sigma_8 = 0.820
h0 = 67.26
ns = 0.9652
omega_b = 0.0491
w0 = -1.0
redshift = 0.300
dir = 24
is_stochastic = True
seed = 42

