[params]
ngal = 0.000318682715674
siglogm = 0.796398023691
m0_over_m1 = 0.0264120836458
m1_over_mmin = 7.71914944984
alpha = 1.13960037391
q_env = 0.0
del_gamma = 0.0
f_cen = 1.0
a_conc = 1.96448044807
delta_b = 0.0
delta_c = 0.0
r_rescale = 0.58448182416
omega_m = 0.314
sigma_8 = 0.820
h0 = 67.26
ns = 0.9652
omega_b = 0.0491
w0 = -1.0
redshift = 0.300
dir = 29
is_stochastic = True
seed = 42

