[params]
ngal = 0.000349216463853
siglogm = 0.496841236016
m0_over_m1 = 0.341147715929
m1_over_mmin = 10.7850926469
alpha = 0.558006925881
q_env = 0.0
del_gamma = 0.0
f_cen = 1.0
a_conc = 0.603924040905
delta_b = 0.0
delta_c = 0.0
r_rescale = 1.99517363071
omega_m = 0.314
sigma_8 = 0.820
h0 = 67.26
ns = 0.9652
omega_b = 0.0491
w0 = -1.0
redshift = 0.300
dir = 05
is_stochastic = True
seed = 42

