[params]
ngal = 0.000254641766882
siglogm = 0.720396347703
m0_over_m1 = 0.0769578958583
m1_over_mmin = 8.03171063248
alpha = 0.604397203306
q_env = 0.0
del_gamma = 0.0
f_cen = 1.0
a_conc = 1.68216858289
delta_b = 0.0
delta_c = 0.0
r_rescale = 0.875915473645
omega_m = 0.314
sigma_8 = 0.820
h0 = 67.26
ns = 0.9652
omega_b = 0.0491
w0 = -1.0
redshift = 0.300
dir = 20
is_stochastic = True
seed = 42

