[params]
ngal = 0.000313739385723
siglogm = 0.244491067681
m0_over_m1 = 0.336105018141
m1_over_mmin = 11.2921572233
alpha = 0.645296112581
q_env = 0.0
del_gamma = 0.0
f_cen = 1.0
a_conc = 1.51561312833
delta_b = 0.0
delta_c = 0.0
r_rescale = 1.39360259987
omega_m = 0.314
sigma_8 = 0.820
h0 = 67.26
ns = 0.9652
omega_b = 0.0491
w0 = -1.0
redshift = 0.300
dir = planck
is_stochastic = True
seed = 42

