[params]
ngal = 0.000253755979378
siglogm = 0.51877548939
m0_over_m1 = 0.237025886818
m1_over_mmin = 18.2018952854
alpha = 0.700328256447
q_env = 0.0
del_gamma = 0.0
f_cen = 1.0
a_conc = 2.64866732995
delta_b = 0.0
delta_c = 0.0
r_rescale = 0.92987749762
omega_m = 0.314
sigma_8 = 0.820
h0 = 67.26
ns = 0.9652
omega_b = 0.0491
w0 = -1.0
redshift = 0.300
dir = 23
is_stochastic = True
seed = 42

