[params]
ngal = 0.000262812977028
siglogm = 0.336181070548
m0_over_m1 = 0.334486600111
m1_over_mmin = 10.5718907505
alpha = 1.09849928254
q_env = 0.0
del_gamma = 0.0
f_cen = 1.0
a_conc = 2.99848569527
delta_b = 0.0
delta_c = 0.0
r_rescale = 1.10867440409
omega_m = 0.314
sigma_8 = 0.820
h0 = 67.26
ns = 0.9652
omega_b = 0.0491
w0 = -1.0
redshift = 0.300
dir = 02
is_stochastic = True
seed = 42

