[params]
ngal = 0.00032527642226
siglogm = 0.398404914039
m0_over_m1 = 0.153637917235
m1_over_mmin = 9.9906255539
alpha = 0.572237780203
q_env = 0.0
del_gamma = 0.0
f_cen = 1.0
a_conc = 0.981664024836
delta_b = 0.0
delta_c = 0.0
r_rescale = 1.5789717349
omega_m = 0.314
sigma_8 = 0.820
h0 = 67.26
ns = 0.9652
omega_b = 0.0491
w0 = -1.0
redshift = 0.300
dir = planck
is_stochastic = True
seed = 42

