[params]
ngal = 0.000260614351991
siglogm = 0.428527258757
m0_over_m1 = 0.0323546825324
m1_over_mmin = 8.75086186934
alpha = 0.955910903678
q_env = 0.0
del_gamma = 0.0
f_cen = 1.0
a_conc = 1.8056509764
delta_b = 0.0
delta_c = 0.0
r_rescale = 1.08697391133
omega_m = 0.314
sigma_8 = 0.820
h0 = 67.26
ns = 0.9652
omega_b = 0.0491
w0 = -1.0
redshift = 0.300
dir = 30
is_stochastic = True
seed = 42

