[params]
ngal = 0.000309685986175
siglogm = 0.545814066898
m0_over_m1 = 0.190488788045
m1_over_mmin = 18.7575701121
alpha = 0.766095639631
q_env = 0.0
del_gamma = 0.0
f_cen = 1.0
a_conc = 2.31387407724
delta_b = 0.0
delta_c = 0.0
r_rescale = 1.26992419302
omega_m = 0.314
sigma_8 = 0.820
h0 = 67.26
ns = 0.9652
omega_b = 0.0491
w0 = -1.0
redshift = 0.300
dir = 14
is_stochastic = True
seed = 42

