[params]
ngal = 0.000288098056262
siglogm = 0.423340896686
m0_over_m1 = 0.392283027626
m1_over_mmin = 19.0902815031
alpha = 1.39053918716
q_env = 0.0
del_gamma = 0.0
f_cen = 1.0
a_conc = 1.26123598952
delta_b = 0.0
delta_c = 0.0
r_rescale = 1.50398968296
omega_m = 0.314
sigma_8 = 0.820
h0 = 67.26
ns = 0.9652
omega_b = 0.0491
w0 = -1.0
redshift = 0.300
dir = 16
is_stochastic = True
seed = 42

