[params]
ngal = 0.000300086605089
siglogm = 0.304678932821
m0_over_m1 = 0.267909538733
m1_over_mmin = 13.9710346123
alpha = 0.564213493863
q_env = 0.0
del_gamma = 0.0
f_cen = 1.0
a_conc = 0.502388918361
delta_b = 0.0
delta_c = 0.0
r_rescale = 1.46821553058
omega_m = 0.314
sigma_8 = 0.820
h0 = 67.26
ns = 0.9652
omega_b = 0.0491
w0 = -1.0
redshift = 0.300
dir = 26
is_stochastic = True
seed = 42

