[params]
ngal = 0.000285905951477
siglogm = 0.490790269037
m0_over_m1 = 0.359901286643
m1_over_mmin = 8.05618838503
alpha = 1.4100687446
q_env = 0.0
del_gamma = 0.0
f_cen = 1.0
a_conc = 2.14841356638
delta_b = 0.0
delta_c = 0.0
r_rescale = 1.94156499159
omega_m = 0.314
sigma_8 = 0.820
h0 = 67.26
ns = 0.9652
omega_b = 0.0491
w0 = -1.0
redshift = 0.300
dir = 09
is_stochastic = True
seed = 42

