[params]
ngal = 0.000250396161487
siglogm = 0.617775467095
m0_over_m1 = 0.0133806403284
m1_over_mmin = 18.1166427249
alpha = 0.567116801049
q_env = 0.0
del_gamma = 0.0
f_cen = 1.0
a_conc = 1.58555319847
delta_b = 0.0
delta_c = 0.0
r_rescale = 1.46265886423
omega_m = 0.314
sigma_8 = 0.820
h0 = 67.26
ns = 0.9652
omega_b = 0.0491
w0 = -1.0
redshift = 0.300
dir = 19
is_stochastic = True
seed = 42

