[params]
ngal = 0.000327590930355
siglogm = 0.440892126054
m0_over_m1 = 0.0702604141542
m1_over_mmin = 14.1218737676
alpha = 0.740796433166
q_env = 0.0
del_gamma = 0.0
f_cen = 1.0
a_conc = 1.62320362224
delta_b = 0.0
delta_c = 0.0
r_rescale = 0.954544890151
omega_m = 0.314
sigma_8 = 0.820
h0 = 67.26
ns = 0.9652
omega_b = 0.0491
w0 = -1.0
redshift = 0.300
dir = 26
is_stochastic = True
seed = 42

