[params]
ngal = 0.000336594578034
siglogm = 0.487096716133
m0_over_m1 = 0.162433408555
m1_over_mmin = 8.82258283871
alpha = 1.44701930807
q_env = 0.0
del_gamma = 0.0
f_cen = 1.0
a_conc = 0.658973808246
delta_b = 0.0
delta_c = 0.0
r_rescale = 1.6410463102
omega_m = 0.314
sigma_8 = 0.820
h0 = 67.26
ns = 0.9652
omega_b = 0.0491
w0 = -1.0
redshift = 0.300
dir = 16
is_stochastic = True
seed = 42

