[params]
ngal = 0.000315042872856
siglogm = 0.318649652136
m0_over_m1 = 0.108416140915
m1_over_mmin = 11.3998738569
alpha = 0.606265001067
q_env = 0.0
del_gamma = 0.0
f_cen = 1.0
a_conc = 1.24930354105
delta_b = 0.0
delta_c = 0.0
r_rescale = 1.86523600487
omega_m = 0.314
sigma_8 = 0.820
h0 = 67.26
ns = 0.9652
omega_b = 0.0491
w0 = -1.0
redshift = 0.300
dir = 37
is_stochastic = True
seed = 42

