[params]
ngal = 0.000274869144648
siglogm = 0.685345820085
m0_over_m1 = 0.377763747652
m1_over_mmin = 15.9342711008
alpha = 0.559393649289
q_env = 0.0
del_gamma = 0.0
f_cen = 1.0
a_conc = 2.2424664774
delta_b = 0.0
delta_c = 0.0
r_rescale = 1.1851248248
omega_m = 0.314
sigma_8 = 0.820
h0 = 67.26
ns = 0.9652
omega_b = 0.0491
w0 = -1.0
redshift = 0.300
dir = 26
is_stochastic = True
seed = 42

