[params]
ngal = 0.000285638744862
siglogm = 0.0151358228436
m0_over_m1 = 0.397263838921
m1_over_mmin = 17.4356879374
alpha = 0.607885982878
q_env = 0.0
del_gamma = 0.0
f_cen = 1.0
a_conc = 1.41537943809
delta_b = 0.0
delta_c = 0.0
r_rescale = 1.47947222859
omega_m = 0.314
sigma_8 = 0.820
h0 = 67.26
ns = 0.9652
omega_b = 0.0491
w0 = -1.0
redshift = 0.300
dir = 15
is_stochastic = True
seed = 42

