[params]
ngal = 0.000258229327869
siglogm = 0.646407108129
m0_over_m1 = 0.0542165564682
m1_over_mmin = 17.8521402334
alpha = 1.10303010294
q_env = 0.0
del_gamma = 0.0
f_cen = 1.0
a_conc = 1.33163636549
delta_b = 0.0
delta_c = 0.0
r_rescale = 0.9723180045
omega_m = 0.314
sigma_8 = 0.820
h0 = 67.26
ns = 0.9652
omega_b = 0.0491
w0 = -1.0
redshift = 0.300
dir = 37
is_stochastic = True
seed = 42

