[params]
ngal = 0.000294798659104
siglogm = 0.488770719689
m0_over_m1 = 0.0522945779425
m1_over_mmin = 11.6236451327
alpha = 0.791983715047
q_env = 0.0
del_gamma = 0.0
f_cen = 1.0
a_conc = 2.74869550615
delta_b = 0.0
delta_c = 0.0
r_rescale = 1.5204961956
omega_m = 0.314
sigma_8 = 0.820
h0 = 67.26
ns = 0.9652
omega_b = 0.0491
w0 = -1.0
redshift = 0.300
dir = 29
is_stochastic = True
seed = 42

