[params]
ngal = 0.000275897870284
siglogm = 0.0204892759928
m0_over_m1 = 0.0221010883999
m1_over_mmin = 15.3160305811
alpha = 0.601171172641
q_env = 0.0
del_gamma = 0.0
f_cen = 1.0
a_conc = 1.10535574213
delta_b = 0.0
delta_c = 0.0
r_rescale = 0.836808647384
omega_m = 0.314
sigma_8 = 0.820
h0 = 67.26
ns = 0.9652
omega_b = 0.0491
w0 = -1.0
redshift = 0.300
dir = 26
is_stochastic = True
seed = 42

