[params]
ngal = 0.000324308437515
siglogm = 0.396933051032
m0_over_m1 = 0.366771302045
m1_over_mmin = 14.9117632572
alpha = 0.864686019702
q_env = 0.0
del_gamma = 0.0
f_cen = 1.0
a_conc = 1.19472609925
delta_b = 0.0
delta_c = 0.0
r_rescale = 0.917062895439
omega_m = 0.314
sigma_8 = 0.820
h0 = 67.26
ns = 0.9652
omega_b = 0.0491
w0 = -1.0
redshift = 0.300
dir = 00
is_stochastic = True
seed = 42

