[params]
ngal = 0.000319171049346
siglogm = 0.610956208861
m0_over_m1 = 0.100429685478
m1_over_mmin = 18.4786418275
alpha = 0.726115084786
q_env = 0.0
del_gamma = 0.0
f_cen = 1.0
a_conc = 1.02940874977
delta_b = 0.0
delta_c = 0.0
r_rescale = 1.11945486563
omega_m = 0.314
sigma_8 = 0.820
h0 = 67.26
ns = 0.9652
omega_b = 0.0491
w0 = -1.0
redshift = 0.300
dir = 08
is_stochastic = True
seed = 42

