[params]
ngal = 0.000265365251155
siglogm = 0.415811656796
m0_over_m1 = 0.248470194817
m1_over_mmin = 7.86470374554
alpha = 1.11689237393
q_env = 0.0
del_gamma = 0.0
f_cen = 1.0
a_conc = 1.32906617498
delta_b = 0.0
delta_c = 0.0
r_rescale = 0.676672629898
omega_m = 0.314
sigma_8 = 0.820
h0 = 67.26
ns = 0.9652
omega_b = 0.0491
w0 = -1.0
redshift = 0.300
dir = 05
is_stochastic = True
seed = 42

