[params]
ngal = 0.000256687653543
siglogm = 0.245810958689
m0_over_m1 = 0.161433998636
m1_over_mmin = 16.510607218
alpha = 0.513176774215
q_env = 0.0
del_gamma = 0.0
f_cen = 1.0
a_conc = 2.36764275956
delta_b = 0.0
delta_c = 0.0
r_rescale = 1.69858136022
omega_m = 0.314
sigma_8 = 0.820
h0 = 67.26
ns = 0.9652
omega_b = 0.0491
w0 = -1.0
redshift = 0.300
dir = 28
is_stochastic = True
seed = 42

