[params]
ngal = 0.000343708887916
siglogm = 0.0485445849045
m0_over_m1 = 0.389614084057
m1_over_mmin = 15.750148201
alpha = 0.697723806835
q_env = 0.0
del_gamma = 0.0
f_cen = 1.0
a_conc = 0.781397955598
delta_b = 0.0
delta_c = 0.0
r_rescale = 0.524549574361
omega_m = 0.314
sigma_8 = 0.820
h0 = 67.26
ns = 0.9652
omega_b = 0.0491
w0 = -1.0
redshift = 0.300
dir = 12
is_stochastic = True
seed = 42

