[params]
ngal = 0.00027091079255
siglogm = 0.163537642024
m0_over_m1 = 0.085153734727
m1_over_mmin = 8.62242940988
alpha = 0.733005757054
q_env = 0.0
del_gamma = 0.0
f_cen = 1.0
a_conc = 0.77800180351
delta_b = 0.0
delta_c = 0.0
r_rescale = 1.13804600143
omega_m = 0.314
sigma_8 = 0.820
h0 = 67.26
ns = 0.9652
omega_b = 0.0491
w0 = -1.0
redshift = 0.300
dir = 07
is_stochastic = True
seed = 42

