[params]
ngal = 0.000290334836251
siglogm = 0.699664620441
m0_over_m1 = 0.157397041247
m1_over_mmin = 9.63376005233
alpha = 0.796338305189
q_env = 0.0
del_gamma = 0.0
f_cen = 1.0
a_conc = 2.76335425086
delta_b = 0.0
delta_c = 0.0
r_rescale = 1.16611028987
omega_m = 0.314
sigma_8 = 0.820
h0 = 67.26
ns = 0.9652
omega_b = 0.0491
w0 = -1.0
redshift = 0.300
dir = 03
is_stochastic = True
seed = 42

