[params]
ngal = 0.000335631778586
siglogm = 0.643664351961
m0_over_m1 = 0.00522059820599
m1_over_mmin = 10.3070277168
alpha = 1.14501397822
q_env = 0.0
del_gamma = 0.0
f_cen = 1.0
a_conc = 0.838426195602
delta_b = 0.0
delta_c = 0.0
r_rescale = 1.76006419665
omega_m = 0.314
sigma_8 = 0.820
h0 = 67.26
ns = 0.9652
omega_b = 0.0491
w0 = -1.0
redshift = 0.300
dir = 25
is_stochastic = True
seed = 42

