[params]
ngal = 0.000333286280628
siglogm = 0.687052250097
m0_over_m1 = 0.220146486019
m1_over_mmin = 18.4524984826
alpha = 0.771975254028
q_env = 0.0
del_gamma = 0.0
f_cen = 1.0
a_conc = 0.771866593975
delta_b = 0.0
delta_c = 0.0
r_rescale = 1.17278556618
omega_m = 0.314
sigma_8 = 0.820
h0 = 67.26
ns = 0.9652
omega_b = 0.0491
w0 = -1.0
redshift = 0.300
dir = 35
is_stochastic = True
seed = 42

