[params]
ngal = 0.000340244264099
siglogm = 0.196087497194
m0_over_m1 = 0.388535916983
m1_over_mmin = 15.530252585
alpha = 1.15572462275
q_env = 0.0
del_gamma = 0.0
f_cen = 1.0
a_conc = 2.47942097529
delta_b = 0.0
delta_c = 0.0
r_rescale = 0.72055121683
omega_m = 0.314
sigma_8 = 0.820
h0 = 67.26
ns = 0.9652
omega_b = 0.0491
w0 = -1.0
redshift = 0.300
dir = 38
is_stochastic = True
seed = 42

