[params]
ngal = 0.000287820073119
siglogm = 0.143074953517
m0_over_m1 = 0.328193655293
m1_over_mmin = 10.0208314566
alpha = 0.840471708572
q_env = 0.0
del_gamma = 0.0
f_cen = 1.0
a_conc = 0.942305716216
delta_b = 0.0
delta_c = 0.0
r_rescale = 1.59824993264
omega_m = 0.314
sigma_8 = 0.820
h0 = 67.26
ns = 0.9652
omega_b = 0.0491
w0 = -1.0
redshift = 0.300
dir = 04
is_stochastic = True
seed = 42

