[params]
ngal = 0.000280550278851
siglogm = 0.0331491453115
m0_over_m1 = 0.0204879322871
m1_over_mmin = 17.3294640924
alpha = 1.40502930255
q_env = 0.0
del_gamma = 0.0
f_cen = 1.0
a_conc = 2.42235504565
delta_b = 0.0
delta_c = 0.0
r_rescale = 1.95366438495
omega_m = 0.314
sigma_8 = 0.820
h0 = 67.26
ns = 0.9652
omega_b = 0.0491
w0 = -1.0
redshift = 0.300
dir = 06
is_stochastic = True
seed = 42

