[params]
ngal = 0.00033522606914
siglogm = 0.291400412467
m0_over_m1 = 0.297055010101
m1_over_mmin = 13.0959287342
alpha = 1.45823852531
q_env = 0.0
del_gamma = 0.0
f_cen = 1.0
a_conc = 2.38562782955
delta_b = 0.0
delta_c = 0.0
r_rescale = 1.8618683172
omega_m = 0.314
sigma_8 = 0.820
h0 = 67.26
ns = 0.9652
omega_b = 0.0491
w0 = -1.0
redshift = 0.300
dir = 38
is_stochastic = True
seed = 42

