[params]
ngal = 0.00033106192575
siglogm = 0.74907394852
m0_over_m1 = 0.344727154518
m1_over_mmin = 14.6325624093
alpha = 1.2235900716
q_env = 0.0
del_gamma = 0.0
f_cen = 1.0
a_conc = 1.6163618743
delta_b = 0.0
delta_c = 0.0
r_rescale = 0.688294598769
omega_m = 0.314
sigma_8 = 0.820
h0 = 67.26
ns = 0.9652
omega_b = 0.0491
w0 = -1.0
redshift = 0.300
dir = 21
is_stochastic = True
seed = 42

