[params]
ngal = 0.000262026716256
siglogm = 0.557538066826
m0_over_m1 = 0.333084445393
m1_over_mmin = 17.9548451747
alpha = 0.532825597455
q_env = 0.0
del_gamma = 0.0
f_cen = 1.0
a_conc = 0.53921391041
delta_b = 0.0
delta_c = 0.0
r_rescale = 1.2338826073
omega_m = 0.314
sigma_8 = 0.820
h0 = 67.26
ns = 0.9652
omega_b = 0.0491
w0 = -1.0
redshift = 0.300
dir = 09
is_stochastic = True
seed = 42

