[params]
ngal = 0.00028380632953
siglogm = 0.746277947459
m0_over_m1 = 0.067207604313
m1_over_mmin = 12.6391755905
alpha = 1.3078954141
q_env = 0.0
del_gamma = 0.0
f_cen = 1.0
a_conc = 2.30913004775
delta_b = 0.0
delta_c = 0.0
r_rescale = 0.567746555134
omega_m = 0.314
sigma_8 = 0.820
h0 = 67.26
ns = 0.9652
omega_b = 0.0491
w0 = -1.0
redshift = 0.300
dir = 03
is_stochastic = True
seed = 42

