[params]
ngal = 0.000291647269074
siglogm = 0.273119907146
m0_over_m1 = 0.239921194561
m1_over_mmin = 10.0675882469
alpha = 1.0678466124
q_env = 0.0
del_gamma = 0.0
f_cen = 1.0
a_conc = 2.58673241304
delta_b = 0.0
delta_c = 0.0
r_rescale = 1.06732060515
omega_m = 0.314
sigma_8 = 0.820
h0 = 67.26
ns = 0.9652
omega_b = 0.0491
w0 = -1.0
redshift = 0.300
dir = 13
is_stochastic = True
seed = 42

