[params]
ngal = 0.000309170286443
siglogm = 0.0130462101403
m0_over_m1 = 0.231219370034
m1_over_mmin = 12.5889047329
alpha = 0.973414880803
q_env = 0.0
del_gamma = 0.0
f_cen = 1.0
a_conc = 2.69360964139
delta_b = 0.0
delta_c = 0.0
r_rescale = 1.68664456265
omega_m = 0.314
sigma_8 = 0.820
h0 = 67.26
ns = 0.9652
omega_b = 0.0491
w0 = -1.0
redshift = 0.300
dir = 33
is_stochastic = True
seed = 42

