[params]
ngal = 0.000255432812122
siglogm = 0.445471691837
m0_over_m1 = 0.355445304551
m1_over_mmin = 13.9069322527
alpha = 0.619398338094
q_env = 0.0
del_gamma = 0.0
f_cen = 1.0
a_conc = 0.556317399455
delta_b = 0.0
delta_c = 0.0
r_rescale = 1.65675012338
omega_m = 0.314
sigma_8 = 0.820
h0 = 67.26
ns = 0.9652
omega_b = 0.0491
w0 = -1.0
redshift = 0.300
dir = 07
is_stochastic = True
seed = 42

