[params]
ngal = 0.000259754843035
siglogm = 0.499602196857
m0_over_m1 = 0.39331360268
m1_over_mmin = 16.6940765473
alpha = 1.29533108836
q_env = 0.0
del_gamma = 0.0
f_cen = 1.0
a_conc = 2.10213572324
delta_b = 0.0
delta_c = 0.0
r_rescale = 1.00831229008
omega_m = 0.314
sigma_8 = 0.820
h0 = 67.26
ns = 0.9652
omega_b = 0.0491
w0 = -1.0
redshift = 0.300
dir = 18
is_stochastic = True
seed = 42

