[params]
ngal = 0.000326664668162
siglogm = 0.657716426236
m0_over_m1 = 0.384174822453
m1_over_mmin = 8.74683810205
alpha = 0.758305377496
q_env = 0.0
del_gamma = 0.0
f_cen = 1.0
a_conc = 2.48457012162
delta_b = 0.0
delta_c = 0.0
r_rescale = 1.93792190896
omega_m = 0.314
sigma_8 = 0.820
h0 = 67.26
ns = 0.9652
omega_b = 0.0491
w0 = -1.0
redshift = 0.300
dir = 07
is_stochastic = True
seed = 42

