[params]
ngal = 0.000295183229148
siglogm = 0.229481141723
m0_over_m1 = 0.337331729717
m1_over_mmin = 9.85104547327
alpha = 0.669816703003
q_env = 0.0
del_gamma = 0.0
f_cen = 1.0
a_conc = 1.21319022339
delta_b = 0.0
delta_c = 0.0
r_rescale = 1.7114320226
omega_m = 0.314
sigma_8 = 0.820
h0 = 67.26
ns = 0.9652
omega_b = 0.0491
w0 = -1.0
redshift = 0.300
dir = 13
is_stochastic = True
seed = 42

