[params]
ngal = 0.000309765521515
siglogm = 0.0191326166789
m0_over_m1 = 0.189538250305
m1_over_mmin = 15.9733285891
alpha = 1.48420174689
q_env = 0.0
del_gamma = 0.0
f_cen = 1.0
a_conc = 2.8679540985
delta_b = 0.0
delta_c = 0.0
r_rescale = 1.43956745644
omega_m = 0.314
sigma_8 = 0.820
h0 = 67.26
ns = 0.9652
omega_b = 0.0491
w0 = -1.0
redshift = 0.300
dir = 12
is_stochastic = True
seed = 42

