[params]
ngal = 0.000300604172763
siglogm = 0.503355606277
m0_over_m1 = 0.101838970724
m1_over_mmin = 19.1993462077
alpha = 0.887566246721
q_env = 0.0
del_gamma = 0.0
f_cen = 1.0
a_conc = 2.67640490382
delta_b = 0.0
delta_c = 0.0
r_rescale = 1.53264121636
omega_m = 0.314
sigma_8 = 0.820
h0 = 67.26
ns = 0.9652
omega_b = 0.0491
w0 = -1.0
redshift = 0.300
dir = 19
is_stochastic = True
seed = 42

