[params]
ngal = 0.000303564007332
siglogm = 0.409854339549
m0_over_m1 = 0.197003651635
m1_over_mmin = 19.4330853427
alpha = 0.777230192637
q_env = 0.0
del_gamma = 0.0
f_cen = 1.0
a_conc = 2.6594175756
delta_b = 0.0
delta_c = 0.0
r_rescale = 0.803031212968
omega_m = 0.314
sigma_8 = 0.820
h0 = 67.26
ns = 0.9652
omega_b = 0.0491
w0 = -1.0
redshift = 0.300
dir = 31
is_stochastic = True
seed = 42

