[params]
ngal = 0.000286637282617
siglogm = 0.770761297204
m0_over_m1 = 0.373541096997
m1_over_mmin = 18.536543514
alpha = 1.25532915524
q_env = 0.0
del_gamma = 0.0
f_cen = 1.0
a_conc = 0.720369487309
delta_b = 0.0
delta_c = 0.0
r_rescale = 0.87263966223
omega_m = 0.314
sigma_8 = 0.820
h0 = 67.26
ns = 0.9652
omega_b = 0.0491
w0 = -1.0
redshift = 0.300
dir = 22
is_stochastic = True
seed = 42

