[params]
ngal = 0.000278239165864
siglogm = 0.294096065185
m0_over_m1 = 0.0584730805603
m1_over_mmin = 11.9139534466
alpha = 0.781221656981
q_env = 0.0
del_gamma = 0.0
f_cen = 1.0
a_conc = 2.51036803647
delta_b = 0.0
delta_c = 0.0
r_rescale = 1.56518163793
omega_m = 0.314
sigma_8 = 0.820
h0 = 67.26
ns = 0.9652
omega_b = 0.0491
w0 = -1.0
redshift = 0.300
dir = 28
is_stochastic = True
seed = 42

