[params]
ngal = 0.000331656597109
siglogm = 0.503128342186
m0_over_m1 = 0.159292423596
m1_over_mmin = 9.52051390853
alpha = 1.47766675804
q_env = 0.0
del_gamma = 0.0
f_cen = 1.0
a_conc = 0.896233759783
delta_b = 0.0
delta_c = 0.0
r_rescale = 1.69526535615
omega_m = 0.314
sigma_8 = 0.820
h0 = 67.26
ns = 0.9652
omega_b = 0.0491
w0 = -1.0
redshift = 0.300
dir = 29
is_stochastic = True
seed = 42

