[params]
ngal = 0.000337305615607
siglogm = 0.356279193148
m0_over_m1 = 0.281542329104
m1_over_mmin = 9.42112552431
alpha = 1.47829292422
q_env = 0.0
del_gamma = 0.0
f_cen = 1.0
a_conc = 2.16973810151
delta_b = 0.0
delta_c = 0.0
r_rescale = 1.94567898569
omega_m = 0.314
sigma_8 = 0.820
h0 = 67.26
ns = 0.9652
omega_b = 0.0491
w0 = -1.0
redshift = 0.300
dir = 13
is_stochastic = True
seed = 42

