[params]
ngal = 0.000325052815379
siglogm = 0.257942315948
m0_over_m1 = 0.30301432335
m1_over_mmin = 10.3034286347
alpha = 1.3244331322
q_env = 0.0
del_gamma = 0.0
f_cen = 1.0
a_conc = 0.677258902956
delta_b = 0.0
delta_c = 0.0
r_rescale = 1.54705372952
omega_m = 0.314
sigma_8 = 0.820
h0 = 67.26
ns = 0.9652
omega_b = 0.0491
w0 = -1.0
redshift = 0.300
dir = 34
is_stochastic = True
seed = 42

