[params]
ngal = 0.000263647914577
siglogm = 0.510313532591
m0_over_m1 = 0.067629759387
m1_over_mmin = 16.9879525226
alpha = 1.38146088071
q_env = 0.0
del_gamma = 0.0
f_cen = 1.0
a_conc = 0.994418445922
delta_b = 0.0
delta_c = 0.0
r_rescale = 1.12622073272
omega_m = 0.314
sigma_8 = 0.820
h0 = 67.26
ns = 0.9652
omega_b = 0.0491
w0 = -1.0
redshift = 0.300
dir = 18
is_stochastic = True
seed = 42

