[params]
ngal = 0.000317449756418
siglogm = 0.214082447682
m0_over_m1 = 0.235312894386
m1_over_mmin = 18.975828847
alpha = 0.875275339463
q_env = 0.0
del_gamma = 0.0
f_cen = 1.0
a_conc = 2.08569192763
delta_b = 0.0
delta_c = 0.0
r_rescale = 0.815115483211
omega_m = 0.314
sigma_8 = 0.820
h0 = 67.26
ns = 0.9652
omega_b = 0.0491
w0 = -1.0
redshift = 0.300
dir = 16
is_stochastic = True
seed = 42

