[params]
ngal = 0.000267862425592
siglogm = 0.682009420646
m0_over_m1 = 0.0563577339126
m1_over_mmin = 18.102289915
alpha = 1.48287604928
q_env = 0.0
del_gamma = 0.0
f_cen = 1.0
a_conc = 2.34432432586
delta_b = 0.0
delta_c = 0.0
r_rescale = 1.48427326451
omega_m = 0.314
sigma_8 = 0.820
h0 = 67.26
ns = 0.9652
omega_b = 0.0491
w0 = -1.0
redshift = 0.300
dir = 36
is_stochastic = True
seed = 42

