[params]
ngal = 0.000319914515433
siglogm = 0.483504990156
m0_over_m1 = 0.0570373179857
m1_over_mmin = 12.065785145
alpha = 1.24945508322
q_env = 0.0
del_gamma = 0.0
f_cen = 1.0
a_conc = 0.714907830044
delta_b = 0.0
delta_c = 0.0
r_rescale = 0.559365419821
omega_m = 0.314
sigma_8 = 0.820
h0 = 67.26
ns = 0.9652
omega_b = 0.0491
w0 = -1.0
redshift = 0.300
dir = 16
is_stochastic = True
seed = 42

