[params]
ngal = 0.000304182906755
siglogm = 0.177947689792
m0_over_m1 = 0.0973275412657
m1_over_mmin = 17.4653998775
alpha = 1.15740973198
q_env = 0.0
del_gamma = 0.0
f_cen = 1.0
a_conc = 1.81744659854
delta_b = 0.0
delta_c = 0.0
r_rescale = 1.77528780424
omega_m = 0.314
sigma_8 = 0.820
h0 = 67.26
ns = 0.9652
omega_b = 0.0491
w0 = -1.0
redshift = 0.300
dir = 36
is_stochastic = True
seed = 42

