[params]
ngal = 0.000271334289939
siglogm = 0.129925978342
m0_over_m1 = 0.0306172379354
m1_over_mmin = 13.4497690153
alpha = 1.16962955965
q_env = 0.0
del_gamma = 0.0
f_cen = 1.0
a_conc = 2.29862047115
delta_b = 0.0
delta_c = 0.0
r_rescale = 1.0087355481
omega_m = 0.314
sigma_8 = 0.820
h0 = 67.26
ns = 0.9652
omega_b = 0.0491
w0 = -1.0
redshift = 0.300
dir = 26
is_stochastic = True
seed = 42

