[params]
ngal = 0.000343502729193
siglogm = 0.179590042628
m0_over_m1 = 0.207936919715
m1_over_mmin = 13.1114141558
alpha = 0.73568922802
q_env = 0.0
del_gamma = 0.0
f_cen = 1.0
a_conc = 1.35750233813
delta_b = 0.0
delta_c = 0.0
r_rescale = 1.04899547178
omega_m = 0.314
sigma_8 = 0.820
h0 = 67.26
ns = 0.9652
omega_b = 0.0491
w0 = -1.0
redshift = 0.300
dir = 31
is_stochastic = True
seed = 42

