[params]
ngal = 0.000346380183522
siglogm = 0.112427617125
m0_over_m1 = 0.366983843733
m1_over_mmin = 19.7773824883
alpha = 0.575696749757
q_env = 0.0
del_gamma = 0.0
f_cen = 1.0
a_conc = 1.23355424783
delta_b = 0.0
delta_c = 0.0
r_rescale = 0.57088104192
omega_m = 0.314
sigma_8 = 0.820
h0 = 67.26
ns = 0.9652
omega_b = 0.0491
w0 = -1.0
redshift = 0.300
dir = 32
is_stochastic = True
seed = 42

