[params]
ngal = 0.000264255906623
siglogm = 0.369613859626
m0_over_m1 = 0.0772612847521
m1_over_mmin = 16.27174794
alpha = 1.10723135349
q_env = 0.0
del_gamma = 0.0
f_cen = 1.0
a_conc = 2.03635688133
delta_b = 0.0
delta_c = 0.0
r_rescale = 1.59161800745
omega_m = 0.314
sigma_8 = 0.820
h0 = 67.26
ns = 0.9652
omega_b = 0.0491
w0 = -1.0
redshift = 0.300
dir = 39
is_stochastic = True
seed = 42

