[params]
ngal = 0.000301774549485
siglogm = 0.42090080844
m0_over_m1 = 0.180020050816
m1_over_mmin = 19.0414352188
alpha = 1.45173919163
q_env = 0.0
del_gamma = 0.0
f_cen = 1.0
a_conc = 1.33750763896
delta_b = 0.0
delta_c = 0.0
r_rescale = 0.581371685722
omega_m = 0.314
sigma_8 = 0.820
h0 = 67.26
ns = 0.9652
omega_b = 0.0491
w0 = -1.0
redshift = 0.300
dir = 23
is_stochastic = True
seed = 42

