[params]
ngal = 0.000267328070208
siglogm = 0.38467385655
m0_over_m1 = 0.25357882193
m1_over_mmin = 13.9478556877
alpha = 1.13195358599
q_env = 0.0
del_gamma = 0.0
f_cen = 1.0
a_conc = 1.14808933824
delta_b = 0.0
delta_c = 0.0
r_rescale = 1.81341473249
omega_m = 0.314
sigma_8 = 0.820
h0 = 67.26
ns = 0.9652
omega_b = 0.0491
w0 = -1.0
redshift = 0.300
dir = 04
is_stochastic = True
seed = 42

