[params]
ngal = 0.00029831989758
siglogm = 0.724935844792
m0_over_m1 = 0.217317318189
m1_over_mmin = 10.875644527
alpha = 1.11078807001
q_env = 0.0
del_gamma = 0.0
f_cen = 1.0
a_conc = 2.52163471907
delta_b = 0.0
delta_c = 0.0
r_rescale = 0.648681834566
omega_m = 0.314
sigma_8 = 0.820
h0 = 67.26
ns = 0.9652
omega_b = 0.0491
w0 = -1.0
redshift = 0.300
dir = 08
is_stochastic = True
seed = 42

