[params]
ngal = 0.000281666984581
siglogm = 0.0873224088002
m0_over_m1 = 0.0700783859323
m1_over_mmin = 15.5539546083
alpha = 1.35550674136
q_env = 0.0
del_gamma = 0.0
f_cen = 1.0
a_conc = 1.39828566079
delta_b = 0.0
delta_c = 0.0
r_rescale = 1.72264291129
omega_m = 0.314
sigma_8 = 0.820
h0 = 67.26
ns = 0.9652
omega_b = 0.0491
w0 = -1.0
redshift = 0.300
dir = 17
is_stochastic = True
seed = 42

