[params]
ngal = 0.000322144190332
siglogm = 0.353361406109
m0_over_m1 = 0.00988607663171
m1_over_mmin = 19.5124423024
alpha = 0.561317150023
q_env = 0.0
del_gamma = 0.0
f_cen = 1.0
a_conc = 1.12124697007
delta_b = 0.0
delta_c = 0.0
r_rescale = 1.70279721275
omega_m = 0.314
sigma_8 = 0.820
h0 = 67.26
ns = 0.9652
omega_b = 0.0491
w0 = -1.0
redshift = 0.300
dir = 11
is_stochastic = True
seed = 42

