[params]
ngal = 0.000315533898424
siglogm = 0.612390943668
m0_over_m1 = 0.229852635144
m1_over_mmin = 18.8201426919
alpha = 1.16627183012
q_env = 0.0
del_gamma = 0.0
f_cen = 1.0
a_conc = 0.865008739261
delta_b = 0.0
delta_c = 0.0
r_rescale = 1.31169615328
omega_m = 0.314
sigma_8 = 0.820
h0 = 67.26
ns = 0.9652
omega_b = 0.0491
w0 = -1.0
redshift = 0.300
dir = 20
is_stochastic = True
seed = 42

