[params]
ngal = 0.000349351465598
siglogm = 0.551537527938
m0_over_m1 = 0.266986626173
m1_over_mmin = 7.63499006002
alpha = 1.0835967024
q_env = 0.0
del_gamma = 0.0
f_cen = 1.0
a_conc = 0.587292831088
delta_b = 0.0
delta_c = 0.0
r_rescale = 1.66269680126
omega_m = 0.314
sigma_8 = 0.820
h0 = 67.26
ns = 0.9652
omega_b = 0.0491
w0 = -1.0
redshift = 0.300
dir = 02
is_stochastic = True
seed = 42

