[params]
ngal = 0.000287750262033
siglogm = 0.485263426327
m0_over_m1 = 0.325242845998
m1_over_mmin = 15.8444427415
alpha = 0.987949140068
q_env = 0.0
del_gamma = 0.0
f_cen = 1.0
a_conc = 1.52352147606
delta_b = 0.0
delta_c = 0.0
r_rescale = 1.09874891329
omega_m = 0.314
sigma_8 = 0.820
h0 = 67.26
ns = 0.9652
omega_b = 0.0491
w0 = -1.0
redshift = 0.300
dir = 28
is_stochastic = True
seed = 42

