[params]
ngal = 0.000262549653972
siglogm = 0.507652630031
m0_over_m1 = 0.350091196239
m1_over_mmin = 18.5937287881
alpha = 0.961372789926
q_env = 0.0
del_gamma = 0.0
f_cen = 1.0
a_conc = 2.01467153463
delta_b = 0.0
delta_c = 0.0
r_rescale = 0.919599913751
omega_m = 0.314
sigma_8 = 0.820
h0 = 67.26
ns = 0.9652
omega_b = 0.0491
w0 = -1.0
redshift = 0.300
dir = 24
is_stochastic = True
seed = 42

