[params]
ngal = 0.000320170424095
siglogm = 0.310489738349
m0_over_m1 = 0.0450091659694
m1_over_mmin = 17.6455050973
alpha = 1.41263550146
q_env = 0.0
del_gamma = 0.0
f_cen = 1.0
a_conc = 1.88214900945
delta_b = 0.0
delta_c = 0.0
r_rescale = 1.52789728408
omega_m = 0.314
sigma_8 = 0.820
h0 = 67.26
ns = 0.9652
omega_b = 0.0491
w0 = -1.0
redshift = 0.300
dir = 39
is_stochastic = True
seed = 42

