[params]
ngal = 0.000303662646586
siglogm = 0.655138076686
m0_over_m1 = 0.04319548353
m1_over_mmin = 14.950853308
alpha = 0.511435785077
q_env = 0.0
del_gamma = 0.0
f_cen = 1.0
a_conc = 1.26421322967
delta_b = 0.0
delta_c = 0.0
r_rescale = 1.84794199235
omega_m = 0.314
sigma_8 = 0.820
h0 = 67.26
ns = 0.9652
omega_b = 0.0491
w0 = -1.0
redshift = 0.300
dir = 24
is_stochastic = True
seed = 42

