[params]
ngal = 0.000254358569598
siglogm = 0.0270878472496
m0_over_m1 = 0.200225907008
m1_over_mmin = 18.3329042248
alpha = 0.916506569757
q_env = 0.0
del_gamma = 0.0
f_cen = 1.0
a_conc = 1.47807284656
delta_b = 0.0
delta_c = 0.0
r_rescale = 1.29907727394
omega_m = 0.314
sigma_8 = 0.820
h0 = 67.26
ns = 0.9652
omega_b = 0.0491
w0 = -1.0
redshift = 0.300
dir = 10
is_stochastic = True
seed = 42

