[params]
ngal = 0.000347580974567
siglogm = 0.471031366527
m0_over_m1 = 0.314070134359
m1_over_mmin = 14.6705845572
alpha = 0.585530378284
q_env = 0.0
del_gamma = 0.0
f_cen = 1.0
a_conc = 1.24201409512
delta_b = 0.0
delta_c = 0.0
r_rescale = 1.21250918802
omega_m = 0.314
sigma_8 = 0.820
h0 = 67.26
ns = 0.9652
omega_b = 0.0491
w0 = -1.0
redshift = 0.300
dir = 01
is_stochastic = True
seed = 42

