[params]
ngal = 0.000346106556507
siglogm = 0.335097828529
m0_over_m1 = 0.182702115745
m1_over_mmin = 16.8213889709
alpha = 0.726927751767
q_env = 0.0
del_gamma = 0.0
f_cen = 1.0
a_conc = 2.61612547885
delta_b = 0.0
delta_c = 0.0
r_rescale = 1.24503151593
omega_m = 0.314
sigma_8 = 0.820
h0 = 67.26
ns = 0.9652
omega_b = 0.0491
w0 = -1.0
redshift = 0.300
dir = 23
is_stochastic = True
seed = 42

