[params]
ngal = 0.000312017082005
siglogm = 0.463276788971
m0_over_m1 = 0.276389710884
m1_over_mmin = 9.5548027439
alpha = 0.924082556997
q_env = 0.0
del_gamma = 0.0
f_cen = 1.0
a_conc = 0.569851389833
delta_b = 0.0
delta_c = 0.0
r_rescale = 1.85947364832
omega_m = 0.314
sigma_8 = 0.820
h0 = 67.26
ns = 0.9652
omega_b = 0.0491
w0 = -1.0
redshift = 0.300
dir = 11
is_stochastic = True
seed = 42

