[params]
ngal = 0.000285033501022
siglogm = 0.140676853461
m0_over_m1 = 0.3072574651
m1_over_mmin = 18.6321872228
alpha = 0.50079554714
q_env = 0.0
del_gamma = 0.0
f_cen = 1.0
a_conc = 1.50701091439
delta_b = 0.0
delta_c = 0.0
r_rescale = 1.92937584811
omega_m = 0.314
sigma_8 = 0.820
h0 = 67.26
ns = 0.9652
omega_b = 0.0491
w0 = -1.0
redshift = 0.300
dir = 03
is_stochastic = True
seed = 42

