[params]
ngal = 0.000272942212901
siglogm = 0.240657405798
m0_over_m1 = 0.110815424766
m1_over_mmin = 13.724420619
alpha = 1.34409437253
q_env = 0.0
del_gamma = 0.0
f_cen = 1.0
a_conc = 0.62409484403
delta_b = 0.0
delta_c = 0.0
r_rescale = 1.14920862701
omega_m = 0.314
sigma_8 = 0.820
h0 = 67.26
ns = 0.9652
omega_b = 0.0491
w0 = -1.0
redshift = 0.300
dir = 19
is_stochastic = True
seed = 42

