[params]
ngal = 0.000316706524631
siglogm = 0.289239541047
m0_over_m1 = 0.0817347296705
m1_over_mmin = 14.0978805413
alpha = 1.37472408024
q_env = 0.0
del_gamma = 0.0
f_cen = 1.0
a_conc = 2.69795295583
delta_b = 0.0
delta_c = 0.0
r_rescale = 0.72490769393
omega_m = 0.314
sigma_8 = 0.820
h0 = 67.26
ns = 0.9652
omega_b = 0.0491
w0 = -1.0
redshift = 0.300
dir = 34
is_stochastic = True
seed = 42

