[params]
ngal = 0.000279589782919
siglogm = 0.0159178142033
m0_over_m1 = 0.0155165834893
m1_over_mmin = 16.2381420966
alpha = 1.07540381012
q_env = 0.0
del_gamma = 0.0
f_cen = 1.0
a_conc = 1.49845882063
delta_b = 0.0
delta_c = 0.0
r_rescale = 0.774143817475
omega_m = 0.314
sigma_8 = 0.820
h0 = 67.26
ns = 0.9652
omega_b = 0.0491
w0 = -1.0
redshift = 0.300
dir = 19
is_stochastic = True
seed = 42

