[params]
ngal = 0.000280084070444
siglogm = 0.300788601357
m0_over_m1 = 0.320648369892
m1_over_mmin = 8.80406644876
alpha = 0.647957874198
q_env = 0.0
del_gamma = 0.0
f_cen = 1.0
a_conc = 2.2775279523
delta_b = 0.0
delta_c = 0.0
r_rescale = 1.34499239885
omega_m = 0.314
sigma_8 = 0.820
h0 = 67.26
ns = 0.9652
omega_b = 0.0491
w0 = -1.0
redshift = 0.300
dir = planck
is_stochastic = True
seed = 42

