[params]
ngal = 0.000348596887038
siglogm = 0.229673324542
m0_over_m1 = 0.311796744678
m1_over_mmin = 15.5099057218
alpha = 0.610484900059
q_env = 0.0
del_gamma = 0.0
f_cen = 1.0
a_conc = 1.28078353452
delta_b = 0.0
delta_c = 0.0
r_rescale = 0.754943410322
omega_m = 0.314
sigma_8 = 0.820
h0 = 67.26
ns = 0.9652
omega_b = 0.0491
w0 = -1.0
redshift = 0.300
dir = 11
is_stochastic = True
seed = 42

