[params]
ngal = 0.000266826464313
siglogm = 0.208558102048
m0_over_m1 = 0.30990663793
m1_over_mmin = 17.6545099479
alpha = 0.832925386408
q_env = 0.0
del_gamma = 0.0
f_cen = 1.0
a_conc = 1.01026627885
delta_b = 0.0
delta_c = 0.0
r_rescale = 1.20840764746
omega_m = 0.314
sigma_8 = 0.820
h0 = 67.26
ns = 0.9652
omega_b = 0.0491
w0 = -1.0
redshift = 0.300
dir = 27
is_stochastic = True
seed = 42

