[params]
ngal = 0.000336038196403
siglogm = 0.56296909807
m0_over_m1 = 0.205940306116
m1_over_mmin = 9.94548818637
alpha = 0.547670222977
q_env = 0.0
del_gamma = 0.0
f_cen = 1.0
a_conc = 1.71091456306
delta_b = 0.0
delta_c = 0.0
r_rescale = 0.652728941745
omega_m = 0.314
sigma_8 = 0.820
h0 = 67.26
ns = 0.9652
omega_b = 0.0491
w0 = -1.0
redshift = 0.300
dir = 05
is_stochastic = True
seed = 42

