[params]
ngal = 0.000347396785463
siglogm = 0.111978445895
m0_over_m1 = 0.0613993527181
m1_over_mmin = 11.5859562023
alpha = 0.951239094752
q_env = 0.0
del_gamma = 0.0
f_cen = 1.0
a_conc = 1.88594813356
delta_b = 0.0
delta_c = 0.0
r_rescale = 1.87516772845
omega_m = 0.314
sigma_8 = 0.820
h0 = 67.26
ns = 0.9652
omega_b = 0.0491
w0 = -1.0
redshift = 0.300
dir = 00
is_stochastic = True
seed = 42

