[params]
ngal = 0.000271078041923
siglogm = 0.159818523363
m0_over_m1 = 0.271790933599
m1_over_mmin = 7.78782594032
alpha = 0.617062892258
q_env = 0.0
del_gamma = 0.0
f_cen = 1.0
a_conc = 0.800591104923
delta_b = 0.0
delta_c = 0.0
r_rescale = 1.58963973092
omega_m = 0.314
sigma_8 = 0.820
h0 = 67.26
ns = 0.9652
omega_b = 0.0491
w0 = -1.0
redshift = 0.300
dir = 17
is_stochastic = True
seed = 42

