[params]
ngal = 0.000302828048498
siglogm = 0.77528416291
m0_over_m1 = 0.0252742023216
m1_over_mmin = 11.0473903312
alpha = 1.43647431215
q_env = 0.0
del_gamma = 0.0
f_cen = 1.0
a_conc = 1.04091308861
delta_b = 0.0
delta_c = 0.0
r_rescale = 1.52353093586
omega_m = 0.314
sigma_8 = 0.820
h0 = 67.26
ns = 0.9652
omega_b = 0.0491
w0 = -1.0
redshift = 0.300
dir = 14
is_stochastic = True
seed = 42

