[params]
ngal = 0.000319306768149
siglogm = 0.521999924822
m0_over_m1 = 0.10415314086
m1_over_mmin = 10.7156700164
alpha = 0.715767304476
q_env = 0.0
del_gamma = 0.0
f_cen = 1.0
a_conc = 0.527854081705
delta_b = 0.0
delta_c = 0.0
r_rescale = 1.9023516954
omega_m = 0.314
sigma_8 = 0.820
h0 = 67.26
ns = 0.9652
omega_b = 0.0491
w0 = -1.0
redshift = 0.300
dir = 05
is_stochastic = True
seed = 42

