[params]
ngal = 0.000347253735893
siglogm = 0.477081879176
m0_over_m1 = 0.303850874989
m1_over_mmin = 19.6791206843
alpha = 0.690500531969
q_env = 0.0
del_gamma = 0.0
f_cen = 1.0
a_conc = 2.83378107105
delta_b = 0.0
delta_c = 0.0
r_rescale = 0.643087709261
omega_m = 0.314
sigma_8 = 0.820
h0 = 67.26
ns = 0.9652
omega_b = 0.0491
w0 = -1.0
redshift = 0.300
dir = 35
is_stochastic = True
seed = 42

