[params]
ngal = 0.000339228228475
siglogm = 0.138795169044
m0_over_m1 = 0.175209095242
m1_over_mmin = 16.1890339352
alpha = 0.731633196294
q_env = 0.0
del_gamma = 0.0
f_cen = 1.0
a_conc = 2.40077429043
delta_b = 0.0
delta_c = 0.0
r_rescale = 1.8856006254
omega_m = 0.314
sigma_8 = 0.820
h0 = 67.26
ns = 0.9652
omega_b = 0.0491
w0 = -1.0
redshift = 0.300
dir = 36
is_stochastic = True
seed = 42

