[params]
ngal = 0.000275328715733
siglogm = 0.739534579657
m0_over_m1 = 0.0935107543689
m1_over_mmin = 9.82470557631
alpha = 1.28190536052
q_env = 0.0
del_gamma = 0.0
f_cen = 1.0
a_conc = 2.86534823495
delta_b = 0.0
delta_c = 0.0
r_rescale = 1.44332766579
omega_m = 0.314
sigma_8 = 0.820
h0 = 67.26
ns = 0.9652
omega_b = 0.0491
w0 = -1.0
redshift = 0.300
dir = 28
is_stochastic = True
seed = 42

