[params]
ngal = 0.000257746309594
siglogm = 0.560905891688
m0_over_m1 = 0.109385223511
m1_over_mmin = 9.73876871349
alpha = 0.898758068717
q_env = 0.0
del_gamma = 0.0
f_cen = 1.0
a_conc = 2.42042934174
delta_b = 0.0
delta_c = 0.0
r_rescale = 1.8328234974
omega_m = 0.314
sigma_8 = 0.820
h0 = 67.26
ns = 0.9652
omega_b = 0.0491
w0 = -1.0
redshift = 0.300
dir = 23
is_stochastic = True
seed = 42

