[params]
ngal = 0.000321457931339
siglogm = 0.793425011496
m0_over_m1 = 0.115814570349
m1_over_mmin = 7.59862043977
alpha = 0.93412887826
q_env = 0.0
del_gamma = 0.0
f_cen = 1.0
a_conc = 2.17513384539
delta_b = 0.0
delta_c = 0.0
r_rescale = 1.55960655662
omega_m = 0.314
sigma_8 = 0.820
h0 = 67.26
ns = 0.9652
omega_b = 0.0491
w0 = -1.0
redshift = 0.300
dir = 32
is_stochastic = True
seed = 42

