[params]
ngal = 0.000292998421443
siglogm = 0.235326432318
m0_over_m1 = 0.241280967008
m1_over_mmin = 9.21688172022
alpha = 0.968792458972
q_env = 0.0
del_gamma = 0.0
f_cen = 1.0
a_conc = 2.76899958121
delta_b = 0.0
delta_c = 0.0
r_rescale = 0.698071591842
omega_m = 0.314
sigma_8 = 0.820
h0 = 67.26
ns = 0.9652
omega_b = 0.0491
w0 = -1.0
redshift = 0.300
dir = 01
is_stochastic = True
seed = 42

