[params]
ngal = 0.000347818641369
siglogm = 0.714996931676
m0_over_m1 = 0.139048921481
m1_over_mmin = 11.5461696
alpha = 1.26734602617
q_env = 0.0
del_gamma = 0.0
f_cen = 1.0
a_conc = 0.575236147082
delta_b = 0.0
delta_c = 0.0
r_rescale = 1.17413026963
omega_m = 0.314
sigma_8 = 0.820
h0 = 67.26
ns = 0.9652
omega_b = 0.0491
w0 = -1.0
redshift = 0.300
dir = 10
is_stochastic = True
seed = 42

