[params]
ngal = 0.000297527707946
siglogm = 0.387392355766
m0_over_m1 = 0.256512959358
m1_over_mmin = 17.8258976132
alpha = 1.35231275756
q_env = 0.0
del_gamma = 0.0
f_cen = 1.0
a_conc = 2.70423876406
delta_b = 0.0
delta_c = 0.0
r_rescale = 1.98637264061
omega_m = 0.314
sigma_8 = 0.820
h0 = 67.26
ns = 0.9652
omega_b = 0.0491
w0 = -1.0
redshift = 0.300
dir = 37
is_stochastic = True
seed = 42

