[params]
ngal = 0.000253041803269
siglogm = 0.0294010980302
m0_over_m1 = 0.214215939239
m1_over_mmin = 10.188545526
alpha = 1.21511612444
q_env = 0.0
del_gamma = 0.0
f_cen = 1.0
a_conc = 1.79446996338
delta_b = 0.0
delta_c = 0.0
r_rescale = 1.08052270275
omega_m = 0.314
sigma_8 = 0.820
h0 = 67.26
ns = 0.9652
omega_b = 0.0491
w0 = -1.0
redshift = 0.300
dir = 28
is_stochastic = True
seed = 42

