[params]
ngal = 0.000332935435864
siglogm = 0.265438276608
m0_over_m1 = 0.124320223373
m1_over_mmin = 11.4226203449
alpha = 0.679696393852
q_env = 0.0
del_gamma = 0.0
f_cen = 1.0
a_conc = 2.12246279083
delta_b = 0.0
delta_c = 0.0
r_rescale = 0.578009289555
omega_m = 0.314
sigma_8 = 0.820
h0 = 67.26
ns = 0.9652
omega_b = 0.0491
w0 = -1.0
redshift = 0.300
dir = 06
is_stochastic = True
seed = 42

