[params]
ngal = 0.000266060166994
siglogm = 0.059516568492
m0_over_m1 = 0.00313999467606
m1_over_mmin = 19.4965565877
alpha = 1.4318252217
q_env = 0.0
del_gamma = 0.0
f_cen = 1.0
a_conc = 2.80467910023
delta_b = 0.0
delta_c = 0.0
r_rescale = 0.784355403897
omega_m = 0.314
sigma_8 = 0.820
h0 = 67.26
ns = 0.9652
omega_b = 0.0491
w0 = -1.0
redshift = 0.300
dir = 04
is_stochastic = True
seed = 42

