[params]
ngal = 0.000312821094208
siglogm = 0.378579948791
m0_over_m1 = 0.396827765372
m1_over_mmin = 14.5785091651
alpha = 0.652579479033
q_env = 0.0
del_gamma = 0.0
f_cen = 1.0
a_conc = 2.71342118282
delta_b = 0.0
delta_c = 0.0
r_rescale = 1.23972972417
omega_m = 0.314
sigma_8 = 0.820
h0 = 67.26
ns = 0.9652
omega_b = 0.0491
w0 = -1.0
redshift = 0.300
dir = 11
is_stochastic = True
seed = 42

