[params]
ngal = 0.000266324586554
siglogm = 0.573761970688
m0_over_m1 = 0.184110597792
m1_over_mmin = 17.5928218773
alpha = 0.96524785462
q_env = 0.0
del_gamma = 0.0
f_cen = 1.0
a_conc = 0.796643327225
delta_b = 0.0
delta_c = 0.0
r_rescale = 1.37967420619
omega_m = 0.314
sigma_8 = 0.820
h0 = 67.26
ns = 0.9652
omega_b = 0.0491
w0 = -1.0
redshift = 0.300
dir = planck
is_stochastic = True
seed = 42

