[params]
ngal = 0.000276919817538
siglogm = 0.0793281220549
m0_over_m1 = 0.0992669224057
m1_over_mmin = 15.1006756496
alpha = 0.866724520243
q_env = 0.0
del_gamma = 0.0
f_cen = 1.0
a_conc = 0.546845401646
delta_b = 0.0
delta_c = 0.0
r_rescale = 0.847506519685
omega_m = 0.314
sigma_8 = 0.820
h0 = 67.26
ns = 0.9652
omega_b = 0.0491
w0 = -1.0
redshift = 0.300
dir = 33
is_stochastic = True
seed = 42

