[params]
ngal = 0.000310835319104
siglogm = 0.584255920773
m0_over_m1 = 0.353252900768
m1_over_mmin = 14.3835924188
alpha = 1.43089719751
q_env = 0.0
del_gamma = 0.0
f_cen = 1.0
a_conc = 2.68510686175
delta_b = 0.0
delta_c = 0.0
r_rescale = 0.633792623293
omega_m = 0.314
sigma_8 = 0.820
h0 = 67.26
ns = 0.9652
omega_b = 0.0491
w0 = -1.0
redshift = 0.300
dir = 33
is_stochastic = True
seed = 42

