[params]
ngal = 0.00029958333379
siglogm = 0.394514780975
m0_over_m1 = 0.155725523373
m1_over_mmin = 18.3658974678
alpha = 1.03096737624
q_env = 0.0
del_gamma = 0.0
f_cen = 1.0
a_conc = 1.43694073716
delta_b = 0.0
delta_c = 0.0
r_rescale = 1.96615250962
omega_m = 0.314
sigma_8 = 0.820
h0 = 67.26
ns = 0.9652
omega_b = 0.0491
w0 = -1.0
redshift = 0.300
dir = 06
is_stochastic = True
seed = 42

