[params]
ngal = 0.000267070767275
siglogm = 0.0563665930742
m0_over_m1 = 0.394819847372
m1_over_mmin = 16.6189390698
alpha = 1.22744263483
q_env = 0.0
del_gamma = 0.0
f_cen = 1.0
a_conc = 2.80721538026
delta_b = 0.0
delta_c = 0.0
r_rescale = 0.899055819978
omega_m = 0.314
sigma_8 = 0.820
h0 = 67.26
ns = 0.9652
omega_b = 0.0491
w0 = -1.0
redshift = 0.300
dir = 35
is_stochastic = True
seed = 42

