[params]
ngal = 0.000301198383417
siglogm = 0.4323611044
m0_over_m1 = 0.234206655305
m1_over_mmin = 13.149798941
alpha = 1.01977591342
q_env = 0.0
del_gamma = 0.0
f_cen = 1.0
a_conc = 1.38436189588
delta_b = 0.0
delta_c = 0.0
r_rescale = 1.39924341998
omega_m = 0.314
sigma_8 = 0.820
h0 = 67.26
ns = 0.9652
omega_b = 0.0491
w0 = -1.0
redshift = 0.300
dir = 35
is_stochastic = True
seed = 42

