[params]
ngal = 0.000314075557781
siglogm = 0.443596186924
m0_over_m1 = 0.30051000228
m1_over_mmin = 12.3137344695
alpha = 0.641251778931
q_env = 0.0
del_gamma = 0.0
f_cen = 1.0
a_conc = 1.78403313697
delta_b = 0.0
delta_c = 0.0
r_rescale = 1.072012916
omega_m = 0.314
sigma_8 = 0.820
h0 = 67.26
ns = 0.9652
omega_b = 0.0491
w0 = -1.0
redshift = 0.300
dir = 06
is_stochastic = True
seed = 42

